{
    "focal": 1.7361111313746398,
    "frames": [
        {
            "file_path": "images/0001.png",
            "transform_matrix": [
                [
                    -0.272744745016098,
                    0.910855233669281,
                    -0.30976298451423645,
                    -1.0841704607009888
                ],
                [
                    -0.9620864391326904,
                    -0.2582210600376129,
                    0.08781562745571136,
                    0.30735471844673157
                ],
                [
                    0.0,
                    0.32197001576423645,
                    0.9467498064041138,
                    3.313624620437622
                ],
                [
                    0.0,
                    0.0,
                    0.0,
                    1.0
                ]
            ]
        },
        {
            "file_path": "images/0002.png",
            "transform_matrix": [
                [
                    0.9971421360969543,
                    -0.07264991849660873,
                    -0.02072574757039547,
                    -0.07254011183977127
                ],
                [
                    -0.0755484327673912,
                    -0.9588854312896729,
                    -0.2735532224178314,
                    -0.9574362635612488
                ],
                [
                    1.8626449271863521e-09,
                    0.27433711290359497,
                    -0.961633563041687,
                    -3.3657174110412598
                ],
                [
                    0.0,
                    0.0,
                    0.0,
                    1.0
                ]
            ]
        },
        {
            "file_path": "images/0003.png",
            "transform_matrix": [
                [
                    -0.996160089969635,
                    -0.06979196518659592,
                    0.05285944417119026,
                    0.18500804901123047
                ],
                [
                    0.08755020797252655,
                    -0.7941040396690369,
                    0.6014431118965149,
                    2.105050802230835
                ],
                [
                    0.0,
                    0.6037614941596985,
                    0.7971650958061218,
                    2.7900776863098145
                ],
                [
                    0.0,
                    0.0,
                    0.0,
                    1.0
                ]
            ]
        },
        {
            "file_path": "images/0005.png",
            "transform_matrix": [
                [
                    -0.9631511569023132,
                    0.11749709397554398,
                    -0.24193859100341797,
                    -0.8467850089073181
                ],
                [
                    -0.2689606547355652,
                    -0.4207584261894226,
                    0.8663848042488098,
                    3.032346725463867
                ],
                [
                    0.0,
                    0.8995314240455627,
                    0.43685606122016907,
                    1.5289961099624634
                ],
                [
                    0.0,
                    0.0,
                    0.0,
                    1.0
                ]
            ]
        },
        {
            "file_path": "images/0008.png",
            "transform_matrix": [
                [
                    -0.23034445941448212,
                    -0.6807553172111511,
                    -0.6953514814376831,
                    -2.433730125427246
                ],
                [
                    -0.9731091260910034,
                    0.16114145517349243,
                    0.16459649801254272,
                    0.5760877132415771
                ],
                [
                    7.4505797087454084e-09,
                    0.7145668268203735,
                    -0.6995672583580017,
                    -2.4484853744506836
                ],
                [
                    0.0,
                    0.0,
                    0.0,
                    1.0
                ]
            ]
        },
        {
            "file_path": "images/0009.png",
            "transform_matrix": [
                [
                    0.4337366819381714,
                    -0.812587320804596,
                    -0.3893255591392517,
                    -1.3626394271850586
                ],
                [
                    -0.9010397791862488,
                    -0.3911580443382263,
                    -0.18741102516651154,
                    -0.6559385657310486
                ],
                [
                    0.0,
                    0.43208473920822144,
                    -0.9018330574035645,
                    -3.1564154624938965
                ],
                [
                    0.0,
                    0.0,
                    0.0,
                    1.0
                ]
            ]
        },
        {
            "file_path": "images/0010.png",
            "transform_matrix": [
                [
                    0.29476359486579895,
                    0.8889688849449158,
                    0.35049787163734436,
                    1.2267425060272217
                ],
                [
                    0.9555702209472656,
                    -0.2742191553115845,
                    -0.10811765491962433,
                    -0.37841176986694336
                ],
                [
                    -7.450580596923828e-09,
                    0.3667944371700287,
                    -0.9303020238876343,
                    -3.256057024002075
                ],
                [
                    0.0,
                    0.0,
                    0.0,
                    1.0
                ]
            ]
        },
        {
            "file_path": "images/0012.png",
            "transform_matrix": [
                [
                    0.9983986020088196,
                    0.022383183240890503,
                    0.05195538327097893,
                    0.1818438470363617
                ],
                [
                    0.05657180771231651,
                    -0.3950260579586029,
                    -0.916926383972168,
                    -3.209242582321167
                ],
                [
                    0.0,
                    0.9183971881866455,
                    -0.3956596553325653,
                    -1.384808897972107
                ],
                [
                    0.0,
                    0.0,
                    0.0,
                    1.0
                ]
            ]
        },
        {
            "file_path": "images/0014.png",
            "transform_matrix": [
                [
                    0.21665820479393005,
                    -0.9736312031745911,
                    0.07142536342144012,
                    0.24998876452445984
                ],
                [
                    0.9762475490570068,
                    0.21607756614685059,
                    -0.015851400792598724,
                    -0.055479902774095535
                ],
                [
                    0.0,
                    0.07316242903470993,
                    0.9973199963569641,
                    3.4906198978424072
                ],
                [
                    0.0,
                    0.0,
                    0.0,
                    1.0
                ]
            ]
        },
        {
            "file_path": "images/0016.png",
            "transform_matrix": [
                [
                    -0.13769017159938812,
                    -0.3453926146030426,
                    0.9283023476600647,
                    3.249058485031128
                ],
                [
                    0.9904753565788269,
                    -0.04801448807120323,
                    0.129047229886055,
                    0.45166531205177307
                ],
                [
                    3.725290742551124e-09,
                    0.9372291564941406,
                    0.3487139940261841,
                    1.220499038696289
                ],
                [
                    0.0,
                    0.0,
                    0.0,
                    1.0
                ]
            ]
        },
        {
            "file_path": "images/0017.png",
            "transform_matrix": [
                [
                    0.9081823229789734,
                    -0.22109805047512054,
                    -0.3554161787033081,
                    -1.2439565658569336
                ],
                [
                    -0.4185749590396881,
                    -0.47971653938293457,
                    -0.7711466550827026,
                    -2.6990132331848145
                ],
                [
                    1.4901161193847656e-08,
                    0.849109947681427,
                    -0.5282161235809326,
                    -1.8487564325332642
                ],
                [
                    0.0,
                    0.0,
                    0.0,
                    1.0
                ]
            ]
        },
        {
            "file_path": "images/0019.png",
            "transform_matrix": [
                [
                    -0.5587546825408936,
                    -0.3233599364757538,
                    -0.763696014881134,
                    -2.672935962677002
                ],
                [
                    -0.8293329477310181,
                    0.21786049008369446,
                    0.5145324468612671,
                    1.8008633852005005
                ],
                [
                    0.0,
                    0.920855700969696,
                    -0.3899036645889282,
                    -1.364662766456604
                ],
                [
                    0.0,
                    0.0,
                    0.0,
                    1.0
                ]
            ]
        },
        {
            "file_path": "images/0021.png",
            "transform_matrix": [
                [
                    0.25957125425338745,
                    -0.6138507127761841,
                    0.7455267310142517,
                    2.6093435287475586
                ],
                [
                    0.965723991394043,
                    0.16499333083629608,
                    -0.20038574934005737,
                    -0.7013500928878784
                ],
                [
                    -7.450580596923828e-09,
                    0.7719873189926147,
                    0.6356378793716431,
                    2.2247323989868164
                ],
                [
                    0.0,
                    0.0,
                    0.0,
                    1.0
                ]
            ]
        },
        {
            "file_path": "images/0022.png",
            "transform_matrix": [
                [
                    -0.45474478602409363,
                    0.8445883393287659,
                    -0.282626748085022,
                    -0.9891936182975769
                ],
                [
                    -0.8906218409538269,
                    -0.43124040961265564,
                    0.14430707693099976,
                    0.5050747394561768
                ],
                [
                    0.0,
                    0.31733623147010803,
                    0.9483130574226379,
                    3.3190956115722656
                ],
                [
                    0.0,
                    0.0,
                    0.0,
                    1.0
                ]
            ]
        },
        {
            "file_path": "images/0024.png",
            "transform_matrix": [
                [
                    0.6983349919319153,
                    -0.64136803150177,
                    0.31776610016822815,
                    1.112181305885315
                ],
                [
                    0.7157710790634155,
                    0.6257444024085999,
                    -0.3100253641605377,
                    -1.0850887298583984
                ],
                [
                    0.0,
                    0.443949431180954,
                    0.8960519433021545,
                    3.136181592941284
                ],
                [
                    0.0,
                    0.0,
                    0.0,
                    1.0
                ]
            ]
        },
        {
            "file_path": "images/0026.png",
            "transform_matrix": [
                [
                    -0.8034310340881348,
                    0.17910858988761902,
                    0.5678192377090454,
                    1.9873675107955933
                ],
                [
                    0.5953978300094604,
                    0.24168948829174042,
                    0.7662163972854614,
                    2.6817574501037598
                ],
                [
                    0.0,
                    0.9536804556846619,
                    -0.3008217215538025,
                    -1.0528761148452759
                ],
                [
                    0.0,
                    0.0,
                    0.0,
                    1.0
                ]
            ]
        },
        {
            "file_path": "images/0027.png",
            "transform_matrix": [
                [
                    -0.651629626750946,
                    -0.5162864923477173,
                    0.555722177028656,
                    1.9450278282165527
                ],
                [
                    0.7585374116897583,
                    -0.4435214102268219,
                    0.4773991107940674,
                    1.6708970069885254
                ],
                [
                    -2.980232594040899e-08,
                    0.7326233983039856,
                    0.6806342005729675,
                    2.3822197914123535
                ],
                [
                    0.0,
                    0.0,
                    0.0,
                    1.0
                ]
            ]
        },
        {
            "file_path": "images/0028.png",
            "transform_matrix": [
                [
                    0.29775577783584595,
                    -0.5407078266143799,
                    -0.7867506742477417,
                    -2.753627300262451
                ],
                [
                    -0.9546421766281128,
                    -0.16864842176437378,
                    -0.2453899383544922,
                    -0.8588647246360779
                ],
                [
                    0.0,
                    0.8241315484046936,
                    -0.5663985013961792,
                    -1.9823945760726929
                ],
                [
                    0.0,
                    0.0,
                    0.0,
                    1.0
                ]
            ]
        },
        {
            "file_path": "images/0029.png",
            "transform_matrix": [
                [
                    0.24309639632701874,
                    -0.23648306727409363,
                    -0.9407337307929993,
                    -3.2925679683685303
                ],
                [
                    -0.9700021743774414,
                    -0.05926603451371193,
                    -0.23576129972934723,
                    -0.8251644968986511
                ],
                [
                    -3.725290742551124e-09,
                    0.969826340675354,
                    -0.2437964826822281,
                    -0.8532876372337341
                ],
                [
                    0.0,
                    0.0,
                    0.0,
                    1.0
                ]
            ]
        },
        {
            "file_path": "images/0033.png",
            "transform_matrix": [
                [
                    -0.1808064728975296,
                    0.844197154045105,
                    0.5046188235282898,
                    1.7661657333374023
                ],
                [
                    0.9835187196731567,
                    0.15519410371780396,
                    0.09276727586984634,
                    0.3246854543685913
                ],
                [
                    7.450581485102248e-09,
                    0.5130748748779297,
                    -0.8583438396453857,
                    -3.0042033195495605
                ],
                [
                    0.0,
                    0.0,
                    0.0,
                    1.0
                ]
            ]
        },
        {
            "file_path": "images/0035.png",
            "transform_matrix": [
                [
                    0.8802108764648438,
                    -0.471945583820343,
                    0.049961525946855545,
                    0.17486535012722015
                ],
                [
                    0.4745827615261078,
                    0.8753196597099304,
                    -0.09266387671232224,
                    -0.3243235945701599
                ],
                [
                    3.725290298461914e-09,
                    0.10527481883764267,
                    0.9944431781768799,
                    3.480551242828369
                ],
                [
                    0.0,
                    0.0,
                    0.0,
                    1.0
                ]
            ]
        },
        {
            "file_path": "images/0039.png",
            "transform_matrix": [
                [
                    0.2571595311164856,
                    -0.6955277323722839,
                    0.6709025502204895,
                    2.348158836364746
                ],
                [
                    0.9663690328598022,
                    0.1850862205028534,
                    -0.17853324115276337,
                    -0.6248663067817688
                ],
                [
                    0.0,
                    0.6942508816719055,
                    0.7197330594062805,
                    2.5190656185150146
                ],
                [
                    0.0,
                    0.0,
                    0.0,
                    1.0
                ]
            ]
        },
        {
            "file_path": "images/0042.png",
            "transform_matrix": [
                [
                    0.23986652493476868,
                    -0.32181257009506226,
                    -0.9159152507781982,
                    -3.2057032585144043
                ],
                [
                    -0.9708059430122375,
                    -0.07951337844133377,
                    -0.22630414366722107,
                    -0.7920644879341125
                ],
                [
                    0.0,
                    0.9434587359428406,
                    -0.3314901292324066,
                    -1.1602153778076172
                ],
                [
                    0.0,
                    0.0,
                    0.0,
                    1.0
                ]
            ]
        },
        {
            "file_path": "images/0044.png",
            "transform_matrix": [
                [
                    -0.9905690550804138,
                    -0.1366274654865265,
                    -0.010296681895852089,
                    -0.03603838384151459
                ],
                [
                    -0.13701492547988892,
                    0.9877678751945496,
                    0.0744413360953331,
                    0.26054465770721436
                ],
                [
                    9.31322685637781e-10,
                    0.07515015453100204,
                    -0.9971722364425659,
                    -3.490102767944336
                ],
                [
                    0.0,
                    0.0,
                    0.0,
                    1.0
                ]
            ]
        },
        {
            "file_path": "images/0047.png",
            "transform_matrix": [
                [
                    0.2979883551597595,
                    0.6451320648193359,
                    -0.7035677433013916,
                    -2.46248722076416
                ],
                [
                    -0.9545695781707764,
                    0.20139113068580627,
                    -0.21963302791118622,
                    -0.7687156200408936
                ],
                [
                    0.0,
                    0.7370525002479553,
                    0.6758355498313904,
                    2.365424633026123
                ],
                [
                    0.0,
                    0.0,
                    0.0,
                    1.0
                ]
            ]
        },
        {
            "file_path": "images/0050.png",
            "transform_matrix": [
                [
                    0.9991706609725952,
                    -0.04071391373872757,
                    -0.0005651246756315231,
                    -0.001977936364710331
                ],
                [
                    -0.04071783646941185,
                    -0.9990745186805725,
                    -0.013867535628378391,
                    -0.04853637143969536
                ],
                [
                    -5.8207653974573503e-11,
                    0.013880077749490738,
                    -0.9999037384986877,
                    -3.4996628761291504
                ],
                [
                    0.0,
                    0.0,
                    0.0,
                    1.0
                ]
            ]
        },
        {
            "file_path": "images/0051.png",
            "transform_matrix": [
                [
                    0.1355815976858139,
                    -0.9331952333450317,
                    0.33281269669532776,
                    1.1648443937301636
                ],
                [
                    0.9907662868499756,
                    0.12770327925682068,
                    -0.04554381221532822,
                    -0.15940333902835846
                ],
                [
                    -7.450581485102248e-09,
                    0.33591440320014954,
                    0.9418925046920776,
                    3.296623706817627
                ],
                [
                    0.0,
                    0.0,
                    0.0,
                    1.0
                ]
            ]
        },
        {
            "file_path": "images/0053.png",
            "transform_matrix": [
                [
                    0.5163619518280029,
                    -0.5562581419944763,
                    0.6511123776435852,
                    2.278893232345581
                ],
                [
                    0.8563704490661621,
                    0.33540451526641846,
                    -0.39259836077690125,
                    -1.3740942478179932
                ],
                [
                    1.4901161193847656e-08,
                    0.7603161931037903,
                    0.6495530605316162,
                    2.273435592651367
                ],
                [
                    0.0,
                    0.0,
                    0.0,
                    1.0
                ]
            ]
        },
        {
            "file_path": "images/0054.png",
            "transform_matrix": [
                [
                    0.5376285910606384,
                    0.8029444217681885,
                    -0.2573632001876831,
                    -0.9007712006568909
                ],
                [
                    -0.8431819081306458,
                    0.5119724273681641,
                    -0.16409960389137268,
                    -0.5743485689163208
                ],
                [
                    0.0,
                    0.30522841215133667,
                    0.9522791504859924,
                    3.332976818084717
                ],
                [
                    0.0,
                    0.0,
                    0.0,
                    1.0
                ]
            ]
        },
        {
            "file_path": "images/0055.png",
            "transform_matrix": [
                [
                    -0.21250328421592712,
                    -0.9090912342071533,
                    -0.35832294821739197,
                    -1.254130244255066
                ],
                [
                    -0.9771603345870972,
                    0.19770027697086334,
                    0.07792457938194275,
                    0.2727360129356384
                ],
                [
                    -7.450580596923828e-09,
                    0.3666982650756836,
                    -0.9303399920463562,
                    -3.2561898231506348
                ],
                [
                    0.0,
                    0.0,
                    0.0,
                    1.0
                ]
            ]
        },
        {
            "file_path": "images/0060.png",
            "transform_matrix": [
                [
                    0.03462953492999077,
                    0.9366649985313416,
                    0.3485105335712433,
                    1.2197867631912231
                ],
                [
                    0.99940025806427,
                    -0.03245573863387108,
                    -0.012076000683009624,
                    -0.04226600006222725
                ],
                [
                    0.0,
                    0.34871962666511536,
                    -0.9372270703315735,
                    -3.28029465675354
                ],
                [
                    0.0,
                    0.0,
                    0.0,
                    1.0
                ]
            ]
        },
        {
            "file_path": "images/0061.png",
            "transform_matrix": [
                [
                    0.43716347217559814,
                    -0.41821396350860596,
                    0.7962319254875183,
                    2.786811590194702
                ],
                [
                    0.8993821144104004,
                    0.20328164100646973,
                    -0.3870251476764679,
                    -1.3545879125595093
                ],
                [
                    -1.4901161193847656e-08,
                    0.8853099346160889,
                    0.46500149369239807,
                    1.6275051832199097
                ],
                [
                    0.0,
                    0.0,
                    0.0,
                    1.0
                ]
            ]
        },
        {
            "file_path": "images/0062.png",
            "transform_matrix": [
                [
                    -0.33791473507881165,
                    -0.2573993504047394,
                    -0.9052951335906982,
                    -3.1685328483581543
                ],
                [
                    -0.9411767721176147,
                    0.09241519868373871,
                    0.32503199577331543,
                    1.137611985206604
                ],
                [
                    7.450580596923828e-09,
                    0.9618757963180542,
                    -0.2734867334365845,
                    -0.9572035670280457
                ],
                [
                    0.0,
                    0.0,
                    0.0,
                    1.0
                ]
            ]
        },
        {
            "file_path": "images/0063.png",
            "transform_matrix": [
                [
                    0.14924240112304688,
                    0.675887942314148,
                    0.7217356562614441,
                    2.5260746479034424
                ],
                [
                    0.9888007044792175,
                    -0.10201362520456314,
                    -0.10893354564905167,
                    -0.38126739859580994
                ],
                [
                    0.0,
                    0.7299101948738098,
                    -0.6835431456565857,
                    -2.3924009799957275
                ],
                [
                    0.0,
                    0.0,
                    0.0,
                    1.0
                ]
            ]
        },
        {
            "file_path": "images/0065.png",
            "transform_matrix": [
                [
                    -0.4303726553916931,
                    0.8274809718132019,
                    0.36063066124916077,
                    1.262207269668579
                ],
                [
                    0.9026513695716858,
                    0.39453235268592834,
                    0.17194409668445587,
                    0.6018043160438538
                ],
                [
                    1.4901162970204496e-08,
                    0.3995237946510315,
                    -0.9167228937149048,
                    -3.2085299491882324
                ],
                [
                    0.0,
                    0.0,
                    0.0,
                    1.0
                ]
            ]
        },
        {
            "file_path": "images/0067.png",
            "transform_matrix": [
                [
                    -0.9986303448677063,
                    -0.048744168132543564,
                    0.01901494897902012,
                    0.06655231863260269
                ],
                [
                    0.052321720868349075,
                    -0.9303479194641113,
                    0.36292585730552673,
                    1.2702404260635376
                ],
                [
                    0.0,
                    0.3634236454963684,
                    0.9316240549087524,
                    3.260684013366699
                ],
                [
                    0.0,
                    0.0,
                    0.0,
                    1.0
                ]
            ]
        },
        {
            "file_path": "images/0071.png",
            "transform_matrix": [
                [
                    0.4451603293418884,
                    -0.742621898651123,
                    -0.5003448724746704,
                    -1.751206874847412
                ],
                [
                    -0.8954509496688843,
                    -0.36918359994888306,
                    -0.2487391233444214,
                    -0.8705868721008301
                ],
                [
                    0.0,
                    0.5587630867958069,
                    -0.829327404499054,
                    -2.9026458263397217
                ],
                [
                    0.0,
                    0.0,
                    0.0,
                    1.0
                ]
            ]
        },
        {
            "file_path": "images/0072.png",
            "transform_matrix": [
                [
                    0.9825038909912109,
                    0.18622547388076782,
                    0.002504660515114665,
                    0.008766312152147293
                ],
                [
                    0.18624229729175568,
                    -0.9824150800704956,
                    -0.013213102705776691,
                    -0.04624586179852486
                ],
                [
                    -2.3283064365386963e-10,
                    0.013446991331875324,
                    -0.999909520149231,
                    -3.4996836185455322
                ],
                [
                    0.0,
                    0.0,
                    0.0,
                    1.0
                ]
            ]
        },
        {
            "file_path": "images/0073.png",
            "transform_matrix": [
                [
                    -0.7715997099876404,
                    -0.6331790685653687,
                    -0.06097644194960594,
                    -0.21341755986213684
                ],
                [
                    -0.6361083984375,
                    0.7680464386940002,
                    0.0739644467830658,
                    0.2588755786418915
                ],
                [
                    0.0,
                    0.09585883468389511,
                    -0.9953949451446533,
                    -3.483882427215576
                ],
                [
                    0.0,
                    0.0,
                    0.0,
                    1.0
                ]
            ]
        },
        {
            "file_path": "images/0074.png",
            "transform_matrix": [
                [
                    -0.30396243929862976,
                    -0.878135085105896,
                    -0.3694397807121277,
                    -1.2930392026901245
                ],
                [
                    -0.9526839852333069,
                    0.28017693758010864,
                    0.11787310242652893,
                    0.41255584359169006
                ],
                [
                    0.0,
                    0.3877882957458496,
                    -0.9217484593391418,
                    -3.2261195182800293
                ],
                [
                    0.0,
                    0.0,
                    0.0,
                    1.0
                ]
            ]
        },
        {
            "file_path": "images/0075.png",
            "transform_matrix": [
                [
                    0.7265699505805969,
                    -0.653710663318634,
                    0.21156175434589386,
                    0.7404661178588867
                ],
                [
                    0.6870924830436707,
                    0.6912702322006226,
                    -0.22371722757816315,
                    -0.7830102443695068
                ],
                [
                    0.0,
                    0.3079088032245636,
                    0.9514158964157104,
                    3.329955577850342
                ],
                [
                    0.0,
                    0.0,
                    0.0,
                    1.0
                ]
            ]
        },
        {
            "file_path": "images/0076.png",
            "transform_matrix": [
                [
                    0.9527594447135925,
                    0.13942724466323853,
                    0.26983243227005005,
                    0.944413423538208
                ],
                [
                    0.3037260174751282,
                    -0.4373699128627777,
                    -0.8464385271072388,
                    -2.9625346660614014
                ],
                [
                    -7.4505797087454084e-09,
                    0.8884074091911316,
                    -0.4590560495853424,
                    -1.6066961288452148
                ],
                [
                    0.0,
                    0.0,
                    0.0,
                    1.0
                ]
            ]
        },
        {
            "file_path": "images/0077.png",
            "transform_matrix": [
                [
                    0.9190519452095032,
                    -0.324552059173584,
                    0.2236282229423523,
                    0.7826987504959106
                ],
                [
                    0.39413654804229736,
                    0.7567940354347229,
                    -0.5214587450027466,
                    -1.8251054286956787
                ],
                [
                    0.0,
                    0.5673877000808716,
                    0.8234508037567139,
                    2.882077693939209
                ],
                [
                    0.0,
                    0.0,
                    0.0,
                    1.0
                ]
            ]
        },
        {
            "file_path": "images/0079.png",
            "transform_matrix": [
                [
                    0.990896999835968,
                    0.1299828290939331,
                    0.03503889963030815,
                    0.12263614684343338
                ],
                [
                    0.13462267816066742,
                    -0.9567452073097229,
                    -0.25790560245513916,
                    -0.9026696085929871
                ],
                [
                    0.0,
                    0.2602747976779938,
                    -0.9655345678329468,
                    -3.379370927810669
                ],
                [
                    0.0,
                    0.0,
                    0.0,
                    1.0
                ]
            ]
        },
        {
            "file_path": "images/0080.png",
            "transform_matrix": [
                [
                    0.03731605410575867,
                    -0.9565644860267639,
                    -0.28912273049354553,
                    -1.0119295120239258
                ],
                [
                    -0.9993035197257996,
                    -0.0357200913131237,
                    -0.0107964389026165,
                    -0.037787534296512604
                ],
                [
                    0.0,
                    0.2893242835998535,
                    -0.9572312235832214,
                    -3.350309133529663
                ],
                [
                    0.0,
                    0.0,
                    0.0,
                    1.0
                ]
            ]
        },
        {
            "file_path": "images/0082.png",
            "transform_matrix": [
                [
                    0.024149145931005478,
                    -0.6214458346366882,
                    0.7830849289894104,
                    2.7407970428466797
                ],
                [
                    0.999708354473114,
                    0.01501176506280899,
                    -0.018916349858045578,
                    -0.06620722264051437
                ],
                [
                    0.0,
                    0.7833133339881897,
                    0.621627151966095,
                    2.1756949424743652
                ],
                [
                    0.0,
                    0.0,
                    0.0,
                    1.0
                ]
            ]
        },
        {
            "file_path": "images/0084.png",
            "transform_matrix": [
                [
                    0.9502547979354858,
                    -0.23357178270816803,
                    -0.20605845749378204,
                    -0.7212046384811401
                ],
                [
                    -0.31147369742393494,
                    -0.712588906288147,
                    -0.6286503076553345,
                    -2.2002761363983154
                ],
                [
                    0.0,
                    0.6615597605705261,
                    -0.7498924732208252,
                    -2.6246237754821777
                ],
                [
                    0.0,
                    0.0,
                    0.0,
                    1.0
                ]
            ]
        },
        {
            "file_path": "images/0085.png",
            "transform_matrix": [
                [
                    0.9661543369293213,
                    -0.2530762553215027,
                    0.04998260363936424,
                    0.1749391108751297
                ],
                [
                    0.2579648494720459,
                    0.9478451609611511,
                    -0.18719957768917084,
                    -0.6551985144615173
                ],
                [
                    0.0,
                    0.1937573403120041,
                    0.9810495376586914,
