{
    "focal": 1.7361111313746398,
    "frames": [
        {
            "file_path": "images/0001.png",
            "transform_matrix": [
                [
                    -0.272744745016098,
                    0.910855233669281,
                    -0.30976298451423645,
                    -1.0841704607009888
                ],
                [
                    -0.9620864391326904,
                    -0.2582210600376129,
                    0.08781562745571136,
                    0.30735471844673157
                ],
                [
                    0.0,
                    0.32197001576423645,
                    0.9467498064041138,
                    3.313624620437622
                ],
                [
                    0.0,
                    0.0,
                    0.0,
                    1.0
                ]
            ]
        },
        {
            "file_path": "images/0002.png",
            "transform_matrix": [
                [
                    0.9971421360969543,
                    -0.07264991849660873,
                    -0.02072574757039547,
                    -0.07254011183977127
                ],
                [
                    -0.0755484327673912,
                    -0.9588854312896729,
                    -0.2735532224178314,
                    -0.9574362635612488
                ],
                [
                    1.8626449271863521e-09,
                    0.27433711290359497,
                    -0.961633563041687,
                    -3.3657174110412598
                ],
                [
                    0.0,
                    0.0,
                    0.0,
                    1.0
                ]
            ]
        },
        {
            "file_path": "images/0003.png",
            "transform_matrix": [
                [
                    -0.996160089969635,
                    -0.06979196518659592,
                    0.05285944417119026,
                    0.18500804901123047
                ],
                [
                    0.08755020797252655,
                    -0.7941040396690369,
                    0.6014431118965149,
                    2.105050802230835
                ],
                [
                    0.0,
                    0.6037614941596985,
                    0.7971650958061218,
                    2.7900776863098145
                ],
                [
                    0.0,
                    0.0,
                    0.0,
                    1.0
                ]
            ]
        },
        {
            "file_path": "images/0005.png",
            "transform_matrix": [
                [
                    -0.9631511569023132,
                    0.11749709397554398,
                    -0.24193859100341797,
                    -0.8467850089073181
                ],
                [
                    -0.2689606547355652,
                    -0.4207584261894226,
                    0.8663848042488098,
                    3.032346725463867
                ],
                [
                    0.0,
                    0.8995314240455627,
                    0.43685606122016907,
                    1.5289961099624634
                ],
                [
                    0.0,
                    0.0,
                    0.0,
                    1.0
                ]
            ]
        },
        {
            "file_path": "images/0007.png",
            "transform_matrix": [
                [
                    0.9893083572387695,
                    0.14176587760448456,
                    -0.0342281274497509,
                    -0.1197984591126442
                ],
                [
                    -0.1458394080400467,
                    0.9616753458976746,
                    -0.23218807578086853,
                    -0.8126583099365234
                ],
                [
                    0.0,
                    0.23469732701778412,
                    0.9720684289932251,
                    3.4022397994995117
                ],
                [
                    0.0,
                    0.0,
                    0.0,
                    1.0
                ]
            ]
        },
        {
            "file_path": "images/0011.png",
            "transform_matrix": [
                [
                    0.15909823775291443,
                    0.5421724319458008,
                    0.8250678181648254,
                    2.887737274169922
                ],
                [
                    0.9872628450393677,
                    -0.08737153559923172,
                    -0.13296036422252655,
                    -0.46536123752593994
                ],
                [
                    0.0,
                    0.8357124328613281,
                    -0.549167275428772,
                    -1.9220852851867676
                ],
                [
                    0.0,
                    0.0,
                    0.0,
                    1.0
                ]
            ]
        },
        {
            "file_path": "images/0012.png",
            "transform_matrix": [
                [
                    0.9983986020088196,
                    0.022383183240890503,
                    0.05195538327097893,
                    0.1818438470363617
                ],
                [
                    0.05657180771231651,
                    -0.3950260579586029,
                    -0.916926383972168,
                    -3.209242582321167
                ],
                [
                    0.0,
                    0.9183971881866455,
                    -0.3956596553325653,
                    -1.384808897972107
                ],
                [
                    0.0,
                    0.0,
                    0.0,
                    1.0
                ]
            ]
        },
        {
            "file_path": "images/0014.png",
            "transform_matrix": [
                [
                    0.21665820479393005,
                    -0.9736312031745911,
                    0.07142536342144012,
                    0.24998876452445984
                ],
                [
                    0.9762475490570068,
                    0.21607756614685059,
                    -0.015851400792598724,
                    -0.055479902774095535
                ],
                [
                    0.0,
                    0.07316242903470993,
                    0.9973199963569641,
                    3.4906198978424072
                ],
                [
                    0.0,
                    0.0,
                    0.0,
                    1.0
                ]
            ]
        },
        {
            "file_path": "images/0017.png",
            "transform_matrix": [
                [
                    0.9081823229789734,
                    -0.22109805047512054,
                    -0.3554161787033081,
                    -1.2439565658569336
                ],
                [
                    -0.4185749590396881,
                    -0.47971653938293457,
                    -0.7711466550827026,
                    -2.6990132331848145
                ],
                [
                    1.4901161193847656e-08,
                    0.849109947681427,
                    -0.5282161235809326,
                    -1.8487564325332642
                ],
                [
                    0.0,
                    0.0,
                    0.0,
                    1.0
                ]
            ]
        },
        {
            "file_path": "images/0018.png",
            "transform_matrix": [
                [
                    -0.8969908356666565,
                    -0.09618975967168808,
                    0.43145692348480225,
                    1.510099172592163
                ],
                [
                    0.4420492649078369,
                    -0.19518490135669708,
                    0.8754972219467163,
                    3.0642402172088623
                ],
                [
                    7.450580596923828e-09,
                    0.9760380983352661,
                    0.21759967505931854,
                    0.7615988254547119
                ],
                [
                    0.0,
                    0.0,
                    0.0,
                    1.0
                ]
            ]
        },
        {
            "file_path": "images/0022.png",
            "transform_matrix": [
                [
                    -0.45474478602409363,
                    0.8445883393287659,
                    -0.282626748085022,
                    -0.9891936182975769
                ],
                [
                    -0.8906218409538269,
                    -0.43124040961265564,
                    0.14430707693099976,
                    0.5050747394561768
                ],
                [
                    0.0,
                    0.31733623147010803,
                    0.9483130574226379,
                    3.3190956115722656
                ],
                [
                    0.0,
                    0.0,
                    0.0,
                    1.0
                ]
            ]
        },
        {
            "file_path": "images/0024.png",
            "transform_matrix": [
                [
                    0.6983349919319153,
                    -0.64136803150177,
                    0.31776610016822815,
                    1.112181305885315
                ],
                [
                    0.7157710790634155,
                    0.6257444024085999,
                    -0.3100253641605377,
                    -1.0850887298583984
                ],
                [
                    0.0,
                    0.443949431180954,
                    0.8960519433021545,
                    3.136181592941284
                ],
                [
                    0.0,
                    0.0,
                    0.0,
                    1.0
                ]
            ]
        },
        {
            "file_path": "images/0026.png",
            "transform_matrix": [
                [
                    -0.8034310340881348,
                    0.17910858988761902,
                    0.5678192377090454,
                    1.9873675107955933
                ],
                [
                    0.5953978300094604,
                    0.24168948829174042,
                    0.7662163972854614,
                    2.6817574501037598
                ],
                [
                    0.0,
                    0.9536804556846619,
                    -0.3008217215538025,
                    -1.0528761148452759
                ],
                [
                    0.0,
                    0.0,
                    0.0,
                    1.0
                ]
            ]
        },
        {
            "file_path": "images/0028.png",
            "transform_matrix": [
                [
                    0.29775577783584595,
                    -0.5407078266143799,
                    -0.7867506742477417,
                    -2.753627300262451
                ],
                [
                    -0.9546421766281128,
                    -0.16864842176437378,
                    -0.2453899383544922,
                    -0.8588647246360779
                ],
                [
                    0.0,
                    0.8241315484046936,
                    -0.5663985013961792,
                    -1.9823945760726929
                ],
                [
                    0.0,
                    0.0,
                    0.0,
                    1.0
                ]
            ]
        },
        {
            "file_path": "images/0029.png",
            "transform_matrix": [
                [
                    0.24309639632701874,
                    -0.23648306727409363,
                    -0.9407337307929993,
                    -3.2925679683685303
                ],
                [
                    -0.9700021743774414,
                    -0.05926603451371193,
                    -0.23576129972934723,
                    -0.8251644968986511
                ],
                [
                    -3.725290742551124e-09,
                    0.969826340675354,
                    -0.2437964826822281,
                    -0.8532876372337341
                ],
                [
                    0.0,
                    0.0,
                    0.0,
                    1.0
                ]
            ]
        },
        {
            "file_path": "images/0032.png",
            "transform_matrix": [
                [
                    -0.4276455044746399,
                    0.6094880700111389,
                    0.6675654649734497,
                    2.3364789485931396
                ],
                [
                    0.9039465188980103,
                    0.2883409857749939,
                    0.31581664085388184,
                    1.1053582429885864
                ],
                [
                    0.0,
                    0.7385010123252869,
                    -0.6742523908615112,
                    -2.3598833084106445
                ],
                [
                    0.0,
                    0.0,
                    0.0,
                    1.0
                ]
            ]
        },
        {
            "file_path": "images/0034.png",
            "transform_matrix": [
                [
                    -0.301206111907959,
                    -0.0032410379499197006,
                    0.9535535573959351,
                    3.337437391281128
                ],
                [
                    0.9535591006278992,
                    -0.00102376495487988,
                    0.3012043535709381,
                    1.0542151927947998
                ],
                [
                    -5.820766091346741e-11,
                    0.9999942779541016,
                    0.003398885251954198,
                    0.011896098032593727
                ],
                [
                    0.0,
                    0.0,
                    0.0,
                    1.0
                ]
            ]
        },
        {
            "file_path": "images/0035.png",
            "transform_matrix": [
                [
                    0.8802108764648438,
                    -0.471945583820343,
                    0.049961525946855545,
                    0.17486535012722015
                ],
                [
                    0.4745827615261078,
                    0.8753196597099304,
                    -0.09266387671232224,
                    -0.3243235945701599
                ],
                [
                    3.725290298461914e-09,
                    0.10527481883764267,
                    0.9944431781768799,
                    3.480551242828369
                ],
                [
                    0.0,
                    0.0,
                    0.0,
                    1.0
                ]
            ]
        },
        {
            "file_path": "images/0036.png",
            "transform_matrix": [
                [
                    0.9101178646087646,
                    0.3475935757160187,
                    -0.22553104162216187,
                    -0.7893586158752441
                ],
                [
                    -0.4143495559692383,
                    0.7634884715080261,
                    -0.49537843465805054,
                    -1.7338244915008545
                ],
                [
                    -1.4901161193847656e-08,
                    0.5443015098571777,
                    0.8388897776603699,
                    2.9361140727996826
                ],
                [
                    0.0,
                    0.0,
                    0.0,
                    1.0
                ]
            ]
        },
        {
            "file_path": "images/0037.png",
            "transform_matrix": [
                [
                    0.7684011459350586,
                    -0.577373743057251,
                    -0.2760421335697174,
                    -0.9661475419998169
                ],
                [
                    -0.6399685144424438,
                    -0.6932445168495178,
                    -0.33143988251686096,
                    -1.1600396633148193
                ],
                [
                    0.0,
                    0.43133705854415894,
                    -0.9021908640861511,
                    -3.157668113708496
                ],
                [
                    0.0,
                    0.0,
                    0.0,
                    1.0
                ]
            ]
        },
        {
            "file_path": "images/0039.png",
            "transform_matrix": [
                [
                    0.2571595311164856,
                    -0.6955277323722839,
                    0.6709025502204895,
                    2.348158836364746
                ],
                [
                    0.9663690328598022,
                    0.1850862205028534,
                    -0.17853324115276337,
                    -0.6248663067817688
                ],
                [
                    0.0,
                    0.6942508816719055,
                    0.7197330594062805,
                    2.5190656185150146
                ],
                [
                    0.0,
                    0.0,
                    0.0,
                    1.0
                ]
            ]
        },
        {
            "file_path": "images/0040.png",
            "transform_matrix": [
                [
                    -0.6798581480979919,
                    0.08862371742725372,
                    -0.7279689908027649,
                    -2.54789137840271
                ],
                [
                    -0.7333437204360962,
                    -0.08216004818677902,
                    0.6748753786087036,
                    2.3620636463165283
                ],
                [
                    -3.725290298461914e-09,
                    0.9926709532737732,
                    0.12084881961345673,
                    0.42297086119651794
                ],
                [
                    0.0,
                    0.0,
                    0.0,
                    1.0
                ]
            ]
        },
        {
            "file_path": "images/0041.png",
            "transform_matrix": [
                [
                    0.7682125568389893,
                    0.6323062181472778,
                    -0.10019127279520035,
                    -0.3506694436073303
                ],
                [
                    -0.6401948928833008,
                    0.7587463855743408,
                    -0.120226189494133,
                    -0.4207916557788849
                ],
                [
                    0.0,
                    0.15650154650211334,
                    0.987677812576294,
                    3.4568722248077393
                ],
                [
                    0.0,
                    0.0,
                    0.0,
                    1.0
                ]
            ]
        },
        {
            "file_path": "images/0045.png",
            "transform_matrix": [
                [
                    0.6457708477973938,
                    0.6176939606666565,
                    0.44881415367126465,
                    1.5708496570587158
                ],
                [
                    0.7635313868522644,
                    -0.522426187992096,
                    -0.3795929551124573,
                    -1.3285753726959229
                ],
                [
                    0.0,
                    0.5878137946128845,
                    -0.8089962601661682,
                    -2.8314871788024902
                ],
                [
                    0.0,
                    0.0,
                    0.0,
                    1.0
                ]
            ]
        },
        {
            "file_path": "images/0048.png",
            "transform_matrix": [
                [
                    -0.40798360109329224,
                    0.7806693315505981,
                    0.4733971655368805,
                    1.6568900346755981
                ],
                [
                    0.9129892587661743,
                    0.3488543629646301,
                    0.2115449756383896,
                    0.740407407283783
                ],
                [
                    1.4901161193847656e-08,
                    0.5185133218765259,
                    -0.8550695180892944,
                    -2.9927432537078857
                ],
                [
                    0.0,
                    0.0,
                    0.0,
                    1.0
                ]
            ]
        },
        {
            "file_path": "images/0049.png",
            "transform_matrix": [
                [
                    -0.015477580018341541,
                    -0.10143551975488663,
                    -0.9947217106819153,
                    -3.4815258979797363
                ],
                [
                    -0.999880313873291,
                    0.0015701643424108624,
                    0.015397727489471436,
                    0.053892042487859726
                ],
                [
                    0.0,
                    0.9948408603668213,
                    -0.1014476791024208,
                    -0.35506686568260193
                ],
                [
                    0.0,
                    0.0,
                    0.0,
                    1.0
                ]
            ]
        },
        {
            "file_path": "images/0051.png",
            "transform_matrix": [
                [
                    0.1355815976858139,
                    -0.9331952333450317,
                    0.33281269669532776,
                    1.1648443937301636
                ],
                [
                    0.9907662868499756,
                    0.12770327925682068,
                    -0.04554381221532822,
                    -0.15940333902835846
                ],
                [
                    -7.450581485102248e-09,
                    0.33591440320014954,
                    0.9418925046920776,
                    3.296623706817627
                ],
                [
                    0.0,
                    0.0,
                    0.0,
                    1.0
                ]
            ]
        },
        {
            "file_path": "images/0054.png",
            "transform_matrix": [
                [
                    0.5376285910606384,
                    0.8029444217681885,
                    -0.2573632001876831,
                    -0.9007712006568909
                ],
                [
                    -0.8431819081306458,
                    0.5119724273681641,
                    -0.16409960389137268,
                    -0.5743485689163208
                ],
                [
                    0.0,
                    0.30522841215133667,
                    0.9522791504859924,
                    3.332976818084717
                ],
                [
                    0.0,
                    0.0,
                    0.0,
                    1.0
                ]
            ]
        },
        {
            "file_path": "images/0055.png",
            "transform_matrix": [
                [
                    -0.21250328421592712,
                    -0.9090912342071533,
                    -0.35832294821739197,
                    -1.254130244255066
                ],
                [
                    -0.9771603345870972,
                    0.19770027697086334,
                    0.07792457938194275,
                    0.2727360129356384
                ],
                [
                    -7.450580596923828e-09,
                    0.3666982650756836,
                    -0.9303399920463562,
                    -3.2561898231506348
                ],
                [
                    0.0,
                    0.0,
                    0.0,
                    1.0
                ]
            ]
        },
        {
            "file_path": "images/0056.png",
            "transform_matrix": [
                [
                    0.2642712891101837,
                    -0.8153272867202759,
                    -0.515172004699707,
                    -1.8031020164489746
                ],
                [
                    -0.9644484519958496,
                    -0.22341017425060272,
                    -0.14116376638412476,
                    -0.49407318234443665
                ],
                [
                    0.0,
                    0.5341622233390808,
                    -0.8453819751739502,
                    -2.958836793899536
                ],
                [
                    0.0,
                    0.0,
                    0.0,
                    1.0
                ]
            ]
        },
        {
            "file_path": "images/0058.png",
            "transform_matrix": [
                [
                    0.9868748784065247,
                    0.14723847806453705,
                    -0.06632452458143234,
                    -0.2321358621120453
                ],
                [
                    -0.16148720681667328,
                    0.899798572063446,
                    -0.40532010793685913,
                    -1.4186204671859741
                ],
                [
                    -3.725290742551124e-09,
                    0.41071081161499023,
                    0.9117656350135803,
                    3.1911799907684326
                ],
                [
                    0.0,
                    0.0,
                    0.0,
                    1.0
                ]
            ]
        },
        {
            "file_path": "images/0059.png",
            "transform_matrix": [
                [
                    0.9347610473632812,
                    0.31350213289260864,
                    0.16714738309383392,
                    0.5850158333778381
                ],
                [
                    0.3552771508693695,
                    -0.8248478174209595,
                    -0.4397774040699005,
                    -1.5392208099365234
                ],
                [
                    0.0,
                    0.4704703688621521,
                    -0.8824158310890198,
                    -3.0884552001953125
                ],
                [
                    0.0,
                    0.0,
                    0.0,
                    1.0
                ]
            ]
        },
        {
            "file_path": "images/0060.png",
            "transform_matrix": [
                [
                    0.03462953492999077,
                    0.9366649985313416,
                    0.3485105335712433,
                    1.2197867631912231
                ],
                [
                    0.99940025806427,
                    -0.03245573863387108,
                    -0.012076000683009624,
                    -0.04226600006222725
                ],
                [
                    0.0,
                    0.34871962666511536,
                    -0.9372270703315735,
                    -3.28029465675354
                ],
                [
                    0.0,
                    0.0,
                    0.0,
                    1.0
                ]
            ]
        },
        {
            "file_path": "images/0062.png",
            "transform_matrix": [
                [
                    -0.33791473507881165,
                    -0.2573993504047394,
                    -0.9052951335906982,
                    -3.1685328483581543
                ],
                [
                    -0.9411767721176147,
                    0.09241519868373871,
                    0.32503199577331543,
                    1.137611985206604
                ],
                [
                    7.450580596923828e-09,
                    0.9618757963180542,
                    -0.2734867334365845,
                    -0.9572035670280457
                ],
                [
                    0.0,
                    0.0,
                    0.0,
                    1.0
                ]
            ]
        },
        {
            "file_path": "images/0063.png",
            "transform_matrix": [
                [
                    0.14924240112304688,
                    0.675887942314148,
                    0.7217356562614441,
                    2.5260746479034424
                ],
                [
                    0.9888007044792175,
                    -0.10201362520456314,
                    -0.10893354564905167,
                    -0.38126739859580994
                ],
                [
                    0.0,
                    0.7299101948738098,
                    -0.6835431456565857,
                    -2.3924009799957275
                ],
                [
                    0.0,
                    0.0,
                    0.0,
                    1.0
                ]
            ]
        },
        {
            "file_path": "images/0064.png",
            "transform_matrix": [
                [
                    -0.510425329208374,
                    -0.20179635286331177,
                    -0.8359092473983765,
                    -2.925682306289673
                ],
                [
                    -0.8599221706390381,
                    0.11978057026863098,
                    0.4961719512939453,
                    1.736601710319519
                ],
                [
                    -7.450580596923828e-09,
                    0.9720755815505981,
                    -0.23466816544532776,
                    -0.8213385343551636
                ],
                [
                    0.0,
                    0.0,
                    0.0,
                    1.0
                ]
            ]
        },
        {
            "file_path": "images/0066.png",
            "transform_matrix": [
                [
                    0.45283547043800354,
                    0.0894860178232193,
                    -0.887092113494873,
                    -3.1048221588134766
                ],
                [
                    -0.8915940523147583,
                    0.045449431985616684,
                    -0.4505489468574524,
                    -1.5769212245941162
                ],
                [
                    3.7252898543727042e-09,
                    0.994950532913208,
                    0.10036632418632507,
                    0.35128211975097656
                ],
                [
                    0.0,
                    0.0,
                    0.0,
                    1.0
                ]
            ]
        },
        {
            "file_path": "images/0068.png",
            "transform_matrix": [
                [
                    0.9158501625061035,
                    0.3308977484703064,
                    -0.22743190824985504,
                    -0.7960116267204285
                ],
                [
                    -0.40152037143707275,
                    0.7547630667686462,
                    -0.5187620520591736,
                    -1.8156671524047852
                ],
                [
                    1.4901161193847656e-08,
                    0.5664268136024475,
                    0.8241121172904968,
                    2.884392261505127
                ],
                [
                    0.0,
                    0.0,
                    0.0,
                    1.0
                ]
            ]
        },
        {
            "file_path": "images/0069.png",
            "transform_matrix": [
                [
                    0.5370504856109619,
                    0.2306516468524933,
                    0.8114041090011597,
                    2.839914321899414
                ],
                [
                    0.8435501456260681,
                    -0.14684556424617767,
                    -0.516584575176239,
                    -1.8080458641052246
                ],
                [
                    7.450580596923828e-09,
                    0.9618920087814331,
                    -0.2734296917915344,
                    -0.9570038318634033
                ],
                [
                    0.0,
                    0.0,
                    0.0,
                    1.0
                ]
            ]
        },
        {
            "file_path": "images/0070.png",
            "transform_matrix": [
                [
                    0.8945353031158447,
                    0.3257904648780823,
                    0.3060511648654938,
                    1.0711790323257446
                ],
                [
                    0.4469974637031555,
                    -0.6519747972488403,
                    -0.6124722957611084,
                    -2.14365291595459
                ],
                [
                    1.4901161193847656e-08,
                    0.6846821308135986,
                    -0.7288418412208557,
                    -2.5509462356567383
                ],
                [
                    0.0,
                    0.0,
                    0.0,
                    1.0
                ]
            ]
        },
        {
            "file_path": "images/0071.png",
            "transform_matrix": [
                [
                    0.4451603293418884,
                    -0.742621898651123,
                    -0.5003448724746704,
                    -1.751206874847412
                ],
                [
                    -0.8954509496688843,
                    -0.36918359994888306,
                    -0.2487391233444214,
                    -0.8705868721008301
                ],
                [
                    0.0,
                    0.5587630867958069,
                    -0.829327404499054,
                    -2.9026458263397217
                ],
                [
                    0.0,
                    0.0,
                    0.0,
                    1.0
                ]
            ]
        },
        {
            "file_path": "images/0073.png",
            "transform_matrix": [
                [
                    -0.7715997099876404,
                    -0.6331790685653687,
                    -0.06097644194960594,
                    -0.21341755986213684
                ],
                [
                    -0.6361083984375,
                    0.7680464386940002,
                    0.0739644467830658,
                    0.2588755786418915
                ],
                [
                    0.0,
                    0.09585883468389511,
                    -0.9953949451446533,
                    -3.483882427215576
                ],
                [
                    0.0,
                    0.0,
                    0.0,
                    1.0
                ]
            ]
        },
        {
            "file_path": "images/0074.png",
            "transform_matrix": [
                [
                    -0.30396243929862976,
                    -0.878135085105896,
                    -0.3694397807121277,
                    -1.2930392026901245
                ],
                [
                    -0.9526839852333069,
                    0.28017693758010864,
                    0.11787310242652893,
                    0.41255584359169006
                ],
                [
                    0.0,
                    0.3877882957458496,
                    -0.9217484593391418,
                    -3.2261195182800293
                ],
                [
                    0.0,
                    0.0,
                    0.0,
                    1.0
                ]
            ]
        },
        {
            "file_path": "images/0075.png",
            "transform_matrix": [
                [
                    0.7265699505805969,
                    -0.653710663318634,
                    0.21156175434589386,
                    0.7404661178588867
                ],
                [
                    0.6870924830436707,
                    0.6912702322006226,
                    -0.22371722757816315,
                    -0.7830102443695068
                ],
                [
                    0.0,
                    0.3079088032245636,
                    0.9514158964157104,
                    3.329955577850342
                ],
                [
                    0.0,
                    0.0,
                    0.0,
                    1.0
                ]
            ]
        },
        {
            "file_path": "images/0076.png",
            "transform_matrix": [
                [
                    0.9527594447135925,
                    0.13942724466323853,
                    0.26983243227005005,
                    0.944413423538208
                ],
                [
                    0.3037260174751282,
                    -0.4373699128627777,
                    -0.8464385271072388,
                    -2.9625346660614014
                ],
                [
                    -7.4505797087454084e-09,
                    0.8884074091911316,
                    -0.4590560495853424,
                    -1.6066961288452148
                ],
                [
                    0.0,
                    0.0,
                    0.0,
                    1.0
                ]
            ]
        },
        {
            "file_path": "images/0078.png",
            "transform_matrix": [
                [
                    -0.7914478182792664,
                    0.35775575041770935,
                    0.4956018328666687,
                    1.7346065044403076
                ],
                [
                    0.6112367510795593,
                    0.46323293447494507,
                    0.6417202353477478,
                    2.246021032333374
                ],
                [
                    1.4901161193847656e-08,
                    0.8108181953430176,
                    -0.5852981209754944,
                    -2.0485434532165527
                ],
                [
                    0.0,
                    0.0,
                    0.0,
                    1.0
                ]
            ]
        },
        {
            "file_path": "images/0079.png",
            "transform_matrix": [
                [
                    0.990896999835968,
                    0.1299828290939331,
                    0.03503889963030815,
                    0.12263614684343338
                ],
                [
                    0.13462267816066742,
                    -0.9567452073097229,
                    -0.25790560245513916,
                    -0.9026696085929871
                ],
                [
                    0.0,
                    0.2602747976779938,
                    -0.9655345678329468,
                    -3.379370927810669
                ],
                [
                    0.0,
                    0.0,
                    0.0,
                    1.0
                ]
            ]
        },
        {
            "file_path": "images/0080.png",
            "transform_matrix": [
                [
                    0.03731605410575867,
                    -0.9565644860267639,
                    -0.28912273049354553,
                    -1.0119295120239258
                ],
                [
                    -0.9993035197257996,
                    -0.0357200913131237,
                    -0.0107964389026165,
                    -0.037787534296512604
                ],
                [
                    0.0,
                    0.2893242835998535,
                    -0.9572312235832214,
