{
    "focal": 1.7361111313746398,
    "frames": [
        {
            "file_path": "images/0002.png",
            "transform_matrix": [
                [
                    0.9971421360969543,
                    -0.07264991849660873,
                    -0.02072574757039547,
                    -0.07254011183977127
                ],
                [
                    -0.0755484327673912,
                    -0.9588854312896729,
                    -0.2735532224178314,
                    -0.9574362635612488
                ],
                [
                    1.8626449271863521e-09,
                    0.27433711290359497,
                    -0.961633563041687,
                    -3.3657174110412598
                ],
                [
                    0.0,
                    0.0,
                    0.0,
                    1.0
                ]
            ]
        },
        {
            "file_path": "images/0003.png",
            "transform_matrix": [
                [
                    -0.996160089969635,
                    -0.06979196518659592,
                    0.05285944417119026,
                    0.18500804901123047
                ],
                [
                    0.08755020797252655,
                    -0.7941040396690369,
                    0.6014431118965149,
                    2.105050802230835
                ],
                [
                    0.0,
                    0.6037614941596985,
                    0.7971650958061218,
                    2.7900776863098145
                ],
                [
                    0.0,
                    0.0,
                    0.0,
                    1.0
                ]
            ]
        },
        {
            "file_path": "images/0004.png",
            "transform_matrix": [
                [
                    -0.6977230906486511,
                    0.036950934678316116,
                    0.7154139876365662,
                    2.503948926925659
                ],
                [
                    0.7163676023483276,
                    0.03598923236131668,
                    0.6967942714691162,
                    2.438779830932617
                ],
                [
                    0.0,
                    0.9986687898635864,
                    -0.05158097296953201,
                    -0.18053339421749115
                ],
                [
                    0.0,
                    0.0,
                    0.0,
                    1.0
                ]
            ]
        },
        {
            "file_path": "images/0005.png",
            "transform_matrix": [
                [
                    -0.9631511569023132,
                    0.11749709397554398,
                    -0.24193859100341797,
                    -0.8467850089073181
                ],
                [
                    -0.2689606547355652,
                    -0.4207584261894226,
                    0.8663848042488098,
                    3.032346725463867
                ],
                [
                    0.0,
                    0.8995314240455627,
                    0.43685606122016907,
                    1.5289961099624634
                ],
                [
                    0.0,
                    0.0,
                    0.0,
                    1.0
                ]
            ]
        },
        {
            "file_path": "images/0006.png",
            "transform_matrix": [
                [
                    -0.8943120837211609,
                    0.2610657215118408,
                    -0.36338767409324646,
                    -1.2718569040298462
                ],
                [
                    -0.44744372367858887,
                    -0.5217956900596619,
                    0.7263080477714539,
                    2.5420782566070557
                ],
                [
                    1.4901161193847656e-08,
                    0.8121415972709656,
                    0.5834603905677795,
                    2.042111396789551
                ],
                [
                    0.0,
                    0.0,
                    0.0,
                    1.0
                ]
            ]
        },
        {
            "file_path": "images/0008.png",
            "transform_matrix": [
                [
                    -0.23034445941448212,
                    -0.6807553172111511,
                    -0.6953514814376831,
                    -2.433730125427246
                ],
                [
                    -0.9731091260910034,
                    0.16114145517349243,
                    0.16459649801254272,
                    0.5760877132415771
                ],
                [
                    7.4505797087454084e-09,
                    0.7145668268203735,
                    -0.6995672583580017,
                    -2.4484853744506836
                ],
                [
                    0.0,
                    0.0,
                    0.0,
                    1.0
                ]
            ]
        },
        {
            "file_path": "images/0011.png",
            "transform_matrix": [
                [
                    0.15909823775291443,
                    0.5421724319458008,
                    0.8250678181648254,
                    2.887737274169922
                ],
                [
                    0.9872628450393677,
                    -0.08737153559923172,
                    -0.13296036422252655,
                    -0.46536123752593994
                ],
                [
                    0.0,
                    0.8357124328613281,
                    -0.549167275428772,
                    -1.9220852851867676
                ],
                [
                    0.0,
                    0.0,
                    0.0,
                    1.0
                ]
            ]
        },
        {
            "file_path": "images/0012.png",
            "transform_matrix": [
                [
                    0.9983986020088196,
                    0.022383183240890503,
                    0.05195538327097893,
                    0.1818438470363617
                ],
                [
                    0.05657180771231651,
                    -0.3950260579586029,
                    -0.916926383972168,
                    -3.209242582321167
                ],
                [
                    0.0,
                    0.9183971881866455,
                    -0.3956596553325653,
                    -1.384808897972107
                ],
                [
                    0.0,
                    0.0,
                    0.0,
                    1.0
                ]
            ]
        },
        {
            "file_path": "images/0013.png",
            "transform_matrix": [
                [
                    0.6219445466995239,
                    -0.2298494130373001,
                    -0.7485681772232056,
                    -2.619988441467285
                ],
                [
                    -0.7830612659454346,
                    -0.1825573444366455,
                    -0.5945484638214111,
                    -2.0809195041656494
                ],
                [
                    0.0,
                    0.955950915813446,
                    -0.29352670907974243,
                    -1.0273433923721313
                ],
                [
                    0.0,
                    0.0,
                    0.0,
                    1.0
                ]
            ]
        },
        {
            "file_path": "images/0014.png",
            "transform_matrix": [
                [
                    0.21665820479393005,
                    -0.9736312031745911,
                    0.07142536342144012,
                    0.24998876452445984
                ],
                [
                    0.9762475490570068,
                    0.21607756614685059,
                    -0.015851400792598724,
                    -0.055479902774095535
                ],
                [
                    0.0,
                    0.07316242903470993,
                    0.9973199963569641,
                    3.4906198978424072
                ],
                [
                    0.0,
                    0.0,
                    0.0,
                    1.0
                ]
            ]
        },
        {
            "file_path": "images/0015.png",
            "transform_matrix": [
                [
                    -0.7643792629241943,
                    -0.6399238705635071,
                    -0.07887843996286392,
                    -0.27607452869415283
                ],
                [
                    -0.6447668671607971,
                    0.7586377859115601,
                    0.09351138770580292,
                    0.3272898495197296
                ],
                [
                    -3.725290298461914e-09,
                    0.12233638763427734,
                    -0.99248868227005,
                    -3.473710298538208
                ],
                [
                    0.0,
                    0.0,
                    0.0,
                    1.0
                ]
            ]
        },
        {
            "file_path": "images/0017.png",
            "transform_matrix": [
                [
                    0.9081823229789734,
                    -0.22109805047512054,
                    -0.3554161787033081,
                    -1.2439565658569336
                ],
                [
                    -0.4185749590396881,
                    -0.47971653938293457,
                    -0.7711466550827026,
                    -2.6990132331848145
                ],
                [
                    1.4901161193847656e-08,
                    0.849109947681427,
                    -0.5282161235809326,
                    -1.8487564325332642
                ],
                [
                    0.0,
                    0.0,
                    0.0,
                    1.0
                ]
            ]
        },
        {
            "file_path": "images/0019.png",
            "transform_matrix": [
                [
                    -0.5587546825408936,
                    -0.3233599364757538,
                    -0.763696014881134,
                    -2.672935962677002
                ],
                [
                    -0.8293329477310181,
                    0.21786049008369446,
                    0.5145324468612671,
                    1.8008633852005005
                ],
                [
                    0.0,
                    0.920855700969696,
                    -0.3899036645889282,
                    -1.364662766456604
                ],
                [
                    0.0,
                    0.0,
                    0.0,
                    1.0
                ]
            ]
        },
        {
            "file_path": "images/0020.png",
            "transform_matrix": [
                [
                    0.8605805039405823,
                    -0.18818449974060059,
                    -0.4732736647129059,
                    -1.656457781791687
                ],
                [
                    -0.5093145966529846,
                    -0.31797224283218384,
                    -0.7996826767921448,
                    -2.79888916015625
                ],
                [
                    0.0,
                    0.9292364120483398,
                    -0.3694857656955719,
                    -1.293200135231018
                ],
                [
                    0.0,
                    0.0,
                    0.0,
                    1.0
                ]
            ]
        },
        {
            "file_path": "images/0022.png",
            "transform_matrix": [
                [
                    -0.45474478602409363,
                    0.8445883393287659,
                    -0.282626748085022,
                    -0.9891936182975769
                ],
                [
                    -0.8906218409538269,
                    -0.43124040961265564,
                    0.14430707693099976,
                    0.5050747394561768
                ],
                [
                    0.0,
                    0.31733623147010803,
                    0.9483130574226379,
                    3.3190956115722656
                ],
                [
                    0.0,
                    0.0,
                    0.0,
                    1.0
                ]
            ]
        },
        {
            "file_path": "images/0023.png",
            "transform_matrix": [
                [
                    -0.9721391797065735,
                    -0.12535108625888824,
                    0.1980721801519394,
                    0.6932526230812073
                ],
                [
                    0.2344045341014862,
                    -0.5198649764060974,
                    0.8214590549468994,
                    2.8751065731048584
                ],
                [
                    0.0,
                    0.8450014591217041,
                    0.5347639918327332,
                    1.871673822402954
                ],
                [
                    0.0,
                    0.0,
                    0.0,
                    1.0
                ]
            ]
        },
        {
            "file_path": "images/0025.png",
            "transform_matrix": [
                [
                    0.9998551607131958,
                    0.004978343844413757,
                    -0.016274234279990196,
                    -0.05695981904864311
                ],
                [
                    -0.017018653452396393,
                    0.2924804091453552,
                    -0.9561201333999634,
                    -3.3464202880859375
                ],
                [
                    0.0,
                    0.9562585949897766,
                    0.2925227880477905,
                    1.023829698562622
                ],
                [
                    0.0,
                    0.0,
                    0.0,
                    1.0
                ]
            ]
        },
        {
            "file_path": "images/0026.png",
            "transform_matrix": [
                [
                    -0.8034310340881348,
                    0.17910858988761902,
                    0.5678192377090454,
                    1.9873675107955933
                ],
                [
                    0.5953978300094604,
                    0.24168948829174042,
                    0.7662163972854614,
                    2.6817574501037598
                ],
                [
                    0.0,
                    0.9536804556846619,
                    -0.3008217215538025,
                    -1.0528761148452759
                ],
                [
                    0.0,
                    0.0,
                    0.0,
                    1.0
                ]
            ]
        },
        {
            "file_path": "images/0027.png",
            "transform_matrix": [
                [
                    -0.651629626750946,
                    -0.5162864923477173,
                    0.555722177028656,
                    1.9450278282165527
                ],
                [
                    0.7585374116897583,
                    -0.4435214102268219,
                    0.4773991107940674,
                    1.6708970069885254
                ],
                [
                    -2.980232594040899e-08,
                    0.7326233983039856,
                    0.6806342005729675,
                    2.3822197914123535
                ],
                [
                    0.0,
                    0.0,
                    0.0,
                    1.0
                ]
            ]
        },
        {
            "file_path": "images/0028.png",
            "transform_matrix": [
                [
                    0.29775577783584595,
                    -0.5407078266143799,
                    -0.7867506742477417,
                    -2.753627300262451
                ],
                [
                    -0.9546421766281128,
                    -0.16864842176437378,
                    -0.2453899383544922,
                    -0.8588647246360779
                ],
                [
                    0.0,
                    0.8241315484046936,
                    -0.5663985013961792,
                    -1.9823945760726929
                ],
                [
                    0.0,
                    0.0,
                    0.0,
                    1.0
                ]
            ]
        },
        {
            "file_path": "images/0030.png",
            "transform_matrix": [
                [
                    -0.07707000523805618,
                    -0.7585555911064148,
                    0.6470344662666321,
                    2.264620542526245
                ],
                [
                    0.997025728225708,
                    -0.05863628163933754,
                    0.050015710294246674,
                    0.17505498230457306
                ],
                [
                    -3.725290298461914e-09,
                    0.6489647030830383,
                    0.760818600654602,
                    2.662864923477173
                ],
                [
                    0.0,
                    0.0,
                    0.0,
                    1.0
                ]
            ]
        },
        {
            "file_path": "images/0031.png",
            "transform_matrix": [
                [
                    -0.4674954414367676,
                    -0.2003280222415924,
                    0.8609974980354309,
                    3.013491153717041
                ],
                [
                    0.8839954733848572,
                    -0.10594221204519272,
                    0.4553331136703491,
                    1.5936658382415771
                ],
                [
                    0.0,
                    0.9739840626716614,
                    0.22661656141281128,
                    0.7931579351425171
                ],
                [
                    0.0,
                    0.0,
                    0.0,
                    1.0
                ]
            ]
        },
        {
            "file_path": "images/0032.png",
            "transform_matrix": [
                [
                    -0.4276455044746399,
                    0.6094880700111389,
                    0.6675654649734497,
                    2.3364789485931396
                ],
                [
                    0.9039465188980103,
                    0.2883409857749939,
                    0.31581664085388184,
                    1.1053582429885864
                ],
                [
                    0.0,
                    0.7385010123252869,
                    -0.6742523908615112,
                    -2.3598833084106445
                ],
                [
                    0.0,
                    0.0,
                    0.0,
                    1.0
                ]
            ]
        },
        {
            "file_path": "images/0034.png",
            "transform_matrix": [
                [
                    -0.301206111907959,
                    -0.0032410379499197006,
                    0.9535535573959351,
                    3.337437391281128
                ],
                [
                    0.9535591006278992,
                    -0.00102376495487988,
                    0.3012043535709381,
                    1.0542151927947998
                ],
                [
                    -5.820766091346741e-11,
                    0.9999942779541016,
                    0.003398885251954198,
                    0.011896098032593727
                ],
                [
                    0.0,
                    0.0,
                    0.0,
                    1.0
                ]
            ]
        },
        {
            "file_path": "images/0035.png",
            "transform_matrix": [
                [
                    0.8802108764648438,
                    -0.471945583820343,
                    0.049961525946855545,
                    0.17486535012722015
                ],
                [
                    0.4745827615261078,
                    0.8753196597099304,
                    -0.09266387671232224,
                    -0.3243235945701599
                ],
                [
                    3.725290298461914e-09,
                    0.10527481883764267,
                    0.9944431781768799,
                    3.480551242828369
                ],
                [
                    0.0,
                    0.0,
                    0.0,
                    1.0
                ]
            ]
        },
        {
            "file_path": "images/0038.png",
            "transform_matrix": [
                [
                    -0.9683502912521362,
                    0.187636137008667,
                    0.16459159553050995,
                    0.5760705471038818
                ],
                [
                    0.24959510564804077,
                    0.7279689908027649,
                    0.6385635137557983,
                    2.2349722385406494
                ],
                [
                    1.4901161193847656e-08,
                    0.65943443775177,
                    -0.7517621517181396,
                    -2.631167411804199
                ],
                [
                    0.0,
                    0.0,
                    0.0,
                    1.0
                ]
            ]
        },
        {
            "file_path": "images/0039.png",
            "transform_matrix": [
                [
                    0.2571595311164856,
                    -0.6955277323722839,
                    0.6709025502204895,
                    2.348158836364746
                ],
                [
                    0.9663690328598022,
                    0.1850862205028534,
                    -0.17853324115276337,
                    -0.6248663067817688
                ],
                [
                    0.0,
                    0.6942508816719055,
                    0.7197330594062805,
                    2.5190656185150146
                ],
                [
                    0.0,
                    0.0,
                    0.0,
                    1.0
                ]
            ]
        },
        {
            "file_path": "images/0040.png",
            "transform_matrix": [
                [
                    -0.6798581480979919,
                    0.08862371742725372,
                    -0.7279689908027649,
                    -2.54789137840271
                ],
                [
                    -0.7333437204360962,
                    -0.08216004818677902,
                    0.6748753786087036,
                    2.3620636463165283
                ],
                [
                    -3.725290298461914e-09,
                    0.9926709532737732,
                    0.12084881961345673,
                    0.42297086119651794
                ],
                [
                    0.0,
                    0.0,
                    0.0,
                    1.0
                ]
            ]
        },
        {
            "file_path": "images/0042.png",
            "transform_matrix": [
                [
                    0.23986652493476868,
                    -0.32181257009506226,
                    -0.9159152507781982,
                    -3.2057032585144043
                ],
                [
                    -0.9708059430122375,
                    -0.07951337844133377,
                    -0.22630414366722107,
                    -0.7920644879341125
                ],
                [
                    0.0,
                    0.9434587359428406,
                    -0.3314901292324066,
                    -1.1602153778076172
                ],
                [
                    0.0,
                    0.0,
                    0.0,
                    1.0
                ]
            ]
        },
        {
            "file_path": "images/0043.png",
            "transform_matrix": [
                [
                    0.5435711741447449,
                    0.8103441596031189,
                    0.2187982052564621,
                    0.7657937407493591
                ],
                [
                    0.8393630981445312,
                    -0.5247785449028015,
                    -0.14169363677501678,
                    -0.4959277808666229
                ],
                [
                    -7.450581485102248e-09,
                    0.26067155599594116,
                    -0.9654274582862854,
                    -3.3789963722229004
                ],
                [
                    0.0,
                    0.0,
                    0.0,
                    1.0
                ]
            ]
        },
        {
            "file_path": "images/0044.png",
            "transform_matrix": [
                [
                    -0.9905690550804138,
                    -0.1366274654865265,
                    -0.010296681895852089,
                    -0.03603838384151459
                ],
                [
                    -0.13701492547988892,
                    0.9877678751945496,
                    0.0744413360953331,
                    0.26054465770721436
                ],
                [
                    9.31322685637781e-10,
                    0.07515015453100204,
                    -0.9971722364425659,
                    -3.490102767944336
                ],
                [
                    0.0,
                    0.0,
                    0.0,
                    1.0
                ]
            ]
        },
        {
            "file_path": "images/0045.png",
            "transform_matrix": [
                [
                    0.6457708477973938,
                    0.6176939606666565,
                    0.44881415367126465,
                    1.5708496570587158
                ],
                [
                    0.7635313868522644,
                    -0.522426187992096,
                    -0.3795929551124573,
                    -1.3285753726959229
                ],
                [
                    0.0,
                    0.5878137946128845,
                    -0.8089962601661682,
                    -2.8314871788024902
                ],
                [
                    0.0,
                    0.0,
                    0.0,
                    1.0
                ]
            ]
        },
        {
            "file_path": "images/0047.png",
            "transform_matrix": [
                [
                    0.2979883551597595,
                    0.6451320648193359,
                    -0.7035677433013916,
                    -2.46248722076416
                ],
                [
                    -0.9545695781707764,
                    0.20139113068580627,
                    -0.21963302791118622,
                    -0.7687156200408936
                ],
                [
                    0.0,
                    0.7370525002479553,
                    0.6758355498313904,
                    2.365424633026123
                ],
                [
                    0.0,
                    0.0,
                    0.0,
                    1.0
                ]
            ]
        },
        {
            "file_path": "images/0048.png",
            "transform_matrix": [
                [
                    -0.40798360109329224,
                    0.7806693315505981,
                    0.4733971655368805,
                    1.6568900346755981
                ],
                [
                    0.9129892587661743,
                    0.3488543629646301,
                    0.2115449756383896,
                    0.740407407283783
                ],
                [
                    1.4901161193847656e-08,
                    0.5185133218765259,
                    -0.8550695180892944,
                    -2.9927432537078857
                ],
                [
                    0.0,
                    0.0,
                    0.0,
                    1.0
                ]
            ]
        },
        {
            "file_path": "images/0049.png",
            "transform_matrix": [
                [
                    -0.015477580018341541,
                    -0.10143551975488663,
                    -0.9947217106819153,
                    -3.4815258979797363
                ],
                [
                    -0.999880313873291,
                    0.0015701643424108624,
                    0.015397727489471436,
                    0.053892042487859726
                ],
                [
                    0.0,
                    0.9948408603668213,
                    -0.1014476791024208,
                    -0.35506686568260193
                ],
                [
                    0.0,
                    0.0,
                    0.0,
                    1.0
                ]
            ]
        },
        {
            "file_path": "images/0052.png",
            "transform_matrix": [
                [
                    -0.6713446974754333,
                    -0.5714733004570007,
                    0.4719265103340149,
                    1.651742696762085
                ],
                [
                    0.7411453723907471,
                    -0.5176522731781006,
                    0.4274807274341583,
                    1.4961824417114258
                ],
                [
                    0.0,
                    0.6367529630661011,
                    0.7710679173469543,
                    2.698737621307373
                ],
                [
                    0.0,
                    0.0,
                    0.0,
                    1.0
                ]
            ]
        },
        {
            "file_path": "images/0055.png",
            "transform_matrix": [
                [
                    -0.21250328421592712,
                    -0.9090912342071533,
                    -0.35832294821739197,
                    -1.254130244255066
                ],
                [
                    -0.9771603345870972,
                    0.19770027697086334,
                    0.07792457938194275,
                    0.2727360129356384
                ],
                [
                    -7.450580596923828e-09,
                    0.3666982650756836,
                    -0.9303399920463562,
                    -3.2561898231506348
                ],
                [
                    0.0,
                    0.0,
                    0.0,
                    1.0
                ]
            ]
        },
        {
            "file_path": "images/0056.png",
            "transform_matrix": [
                [
                    0.2642712891101837,
                    -0.8153272867202759,
                    -0.515172004699707,
                    -1.8031020164489746
                ],
                [
                    -0.9644484519958496,
                    -0.22341017425060272,
                    -0.14116376638412476,
                    -0.49407318234443665
                ],
                [
                    0.0,
                    0.5341622233390808,
                    -0.8453819751739502,
                    -2.958836793899536
                ],
                [
                    0.0,
                    0.0,
                    0.0,
                    1.0
                ]
            ]
        },
        {
            "file_path": "images/0060.png",
            "transform_matrix": [
                [
                    0.03462953492999077,
                    0.9366649985313416,
                    0.3485105335712433,
                    1.2197867631912231
                ],
                [
                    0.99940025806427,
                    -0.03245573863387108,
                    -0.012076000683009624,
                    -0.04226600006222725
                ],
                [
                    0.0,
                    0.34871962666511536,
                    -0.9372270703315735,
                    -3.28029465675354
                ],
                [
                    0.0,
                    0.0,
                    0.0,
                    1.0
                ]
            ]
        },
        {
            "file_path": "images/0061.png",
            "transform_matrix": [
                [
                    0.43716347217559814,
                    -0.41821396350860596,
                    0.7962319254875183,
                    2.786811590194702
                ],
                [
                    0.8993821144104004,
                    0.20328164100646973,
                    -0.3870251476764679,
                    -1.3545879125595093
                ],
                [
                    -1.4901161193847656e-08,
                    0.8853099346160889,
                    0.46500149369239807,
                    1.6275051832199097
                ],
                [
                    0.0,
                    0.0,
                    0.0,
                    1.0
                ]
            ]
        },
        {
            "file_path": "images/0062.png",
            "transform_matrix": [
                [
                    -0.33791473507881165,
                    -0.2573993504047394,
                    -0.9052951335906982,
                    -3.1685328483581543
                ],
                [
                    -0.9411767721176147,
                    0.09241519868373871,
                    0.32503199577331543,
                    1.137611985206604
                ],
                [
                    7.450580596923828e-09,
                    0.9618757963180542,
                    -0.2734867334365845,
                    -0.9572035670280457
                ],
                [
                    0.0,
                    0.0,
                    0.0,
                    1.0
                ]
            ]
        },
        {
            "file_path": "images/0064.png",
            "transform_matrix": [
                [
                    -0.510425329208374,
                    -0.20179635286331177,
                    -0.8359092473983765,
                    -2.925682306289673
                ],
                [
                    -0.8599221706390381,
                    0.11978057026863098,
                    0.4961719512939453,
                    1.736601710319519
                ],
                [
                    -7.450580596923828e-09,
                    0.9720755815505981,
                    -0.23466816544532776,
                    -0.8213385343551636
                ],
                [
                    0.0,
                    0.0,
                    0.0,
                    1.0
                ]
            ]
        },
        {
            "file_path": "images/0066.png",
            "transform_matrix": [
                [
                    0.45283547043800354,
                    0.0894860178232193,
                    -0.887092113494873,
                    -3.1048221588134766
                ],
                [
                    -0.8915940523147583,
                    0.045449431985616684,
                    -0.4505489468574524,
                    -1.5769212245941162
                ],
                [
                    3.7252898543727042e-09,
                    0.994950532913208,
                    0.10036632418632507,
                    0.35128211975097656
                ],
                [
                    0.0,
                    0.0,
                    0.0,
                    1.0
                ]
            ]
        },
        {
            "file_path": "images/0067.png",
            "transform_matrix": [
                [
                    -0.9986303448677063,
                    -0.048744168132543564,
                    0.01901494897902012,
                    0.06655231863260269
                ],
                [
                    0.052321720868349075,
                    -0.9303479194641113,
                    0.36292585730552673,
                    1.2702404260635376
                ],
                [
                    0.0,
                    0.3634236454963684,
                    0.9316240549087524,
                    3.260684013366699
                ],
                [
                    0.0,
                    0.0,
                    0.0,
                    1.0
                ]
            ]
        },
        {
            "file_path": "images/0068.png",
            "transform_matrix": [
                [
                    0.9158501625061035,
                    0.3308977484703064,
                    -0.22743190824985504,
                    -0.7960116267204285
                ],
                [
                    -0.40152037143707275,
                    0.7547630667686462,
                    -0.5187620520591736,
                    -1.8156671524047852
                ],
                [
                    1.4901161193847656e-08,
                    0.5664268136024475,
                    0.8241121172904968,
                    2.884392261505127
                ],
                [
                    0.0,
                    0.0,
                    0.0,
                    1.0
                ]
            ]
        },
        {
            "file_path": "images/0069.png",
            "transform_matrix": [
                [
                    0.5370504856109619,
                    0.2306516468524933,
                    0.8114041090011597,
                    2.839914321899414
                ],
                [
                    0.8435501456260681,
                    -0.14684556424617767,
                    -0.516584575176239,
                    -1.8080458641052246
                ],
                [
                    7.450580596923828e-09,
                    0.9618920087814331,
                    -0.2734296917915344,
                    -0.9570038318634033
                ],
                [
                    0.0,
                    0.0,
                    0.0,
                    1.0
                ]
            ]
        },
        {
            "file_path": "images/0070.png",
            "transform_matrix": [
                [
                    0.8945353031158447,
                    0.3257904648780823,
                    0.3060511648654938,
                    1.0711790323257446
                ],
                [
                    0.4469974637031555,
                    -0.6519747972488403,
                    -0.6124722957611084,
                    -2.14365291595459
                ],
                [
                    1.4901161193847656e-08,
                    0.6846821308135986,
                    -0.7288418412208557,
                    -2.5509462356567383
                ],
                [
                    0.0,
                    0.0,
                    0.0,
                    1.0
                ]
            ]
        },
        {
            "file_path": "images/0072.png",
            "transform_matrix": [
                [
                    0.9825038909912109,
                    0.18622547388076782,
                    0.002504660515114665,
                    0.008766312152147293
                ],
                [
                    0.18624229729175568,
                    -0.9824150800704956,
                    -0.013213102705776691,
                    -0.04624586179852486
                ],
                [
                    -2.3283064365386963e-10,
                    0.013446991331875324,
