{
    "focal": 1.7361111313746398,
    "frames": [
        {
            "file_path": "images/0001.png",
            "transform_matrix": [
                [
                    -0.272744745016098,
                    0.910855233669281,
                    -0.30976298451423645,
                    -1.0841704607009888
                ],
                [
                    -0.9620864391326904,
                    -0.2582210600376129,
                    0.08781562745571136,
                    0.30735471844673157
                ],
                [
                    0.0,
                    0.32197001576423645,
                    0.9467498064041138,
                    3.313624620437622
                ],
                [
                    0.0,
                    0.0,
                    0.0,
                    1.0
                ]
            ]
        },
        {
            "file_path": "images/0002.png",
            "transform_matrix": [
                [
                    0.9971421360969543,
                    -0.07264991849660873,
                    -0.02072574757039547,
                    -0.07254011183977127
                ],
                [
                    -0.0755484327673912,
                    -0.9588854312896729,
                    -0.2735532224178314,
                    -0.9574362635612488
                ],
                [
                    1.8626449271863521e-09,
                    0.27433711290359497,
                    -0.961633563041687,
                    -3.3657174110412598
                ],
                [
                    0.0,
                    0.0,
                    0.0,
                    1.0
                ]
            ]
        },
        {
            "file_path": "images/0003.png",
            "transform_matrix": [
                [
                    -0.996160089969635,
                    -0.06979196518659592,
                    0.05285944417119026,
                    0.18500804901123047
                ],
                [
                    0.08755020797252655,
                    -0.7941040396690369,
                    0.6014431118965149,
                    2.105050802230835
                ],
                [
                    0.0,
                    0.6037614941596985,
                    0.7971650958061218,
                    2.7900776863098145
                ],
                [
                    0.0,
                    0.0,
                    0.0,
                    1.0
                ]
            ]
        },
        {
            "file_path": "images/0005.png",
            "transform_matrix": [
                [
                    -0.9631511569023132,
                    0.11749709397554398,
                    -0.24193859100341797,
                    -0.8467850089073181
                ],
                [
                    -0.2689606547355652,
                    -0.4207584261894226,
                    0.8663848042488098,
                    3.032346725463867
                ],
                [
                    0.0,
                    0.8995314240455627,
                    0.43685606122016907,
                    1.5289961099624634
                ],
                [
                    0.0,
                    0.0,
                    0.0,
                    1.0
                ]
            ]
        },
        {
            "file_path": "images/0006.png",
            "transform_matrix": [
                [
                    -0.8943120837211609,
                    0.2610657215118408,
                    -0.36338767409324646,
                    -1.2718569040298462
                ],
                [
                    -0.44744372367858887,
                    -0.5217956900596619,
                    0.7263080477714539,
                    2.5420782566070557
                ],
                [
                    1.4901161193847656e-08,
                    0.8121415972709656,
                    0.5834603905677795,
                    2.042111396789551
                ],
                [
                    0.0,
                    0.0,
                    0.0,
                    1.0
                ]
            ]
        },
        {
            "file_path": "images/0007.png",
            "transform_matrix": [
                [
                    0.9893083572387695,
                    0.14176587760448456,
                    -0.0342281274497509,
                    -0.1197984591126442
                ],
                [
                    -0.1458394080400467,
                    0.9616753458976746,
                    -0.23218807578086853,
                    -0.8126583099365234
                ],
                [
                    0.0,
                    0.23469732701778412,
                    0.9720684289932251,
                    3.4022397994995117
                ],
                [
                    0.0,
                    0.0,
                    0.0,
                    1.0
                ]
            ]
        },
        {
            "file_path": "images/0008.png",
            "transform_matrix": [
                [
                    -0.23034445941448212,
                    -0.6807553172111511,
                    -0.6953514814376831,
                    -2.433730125427246
                ],
                [
                    -0.9731091260910034,
                    0.16114145517349243,
                    0.16459649801254272,
                    0.5760877132415771
                ],
                [
                    7.4505797087454084e-09,
                    0.7145668268203735,
                    -0.6995672583580017,
                    -2.4484853744506836
                ],
                [
                    0.0,
                    0.0,
                    0.0,
                    1.0
                ]
            ]
        },
        {
            "file_path": "images/0009.png",
            "transform_matrix": [
                [
                    0.4337366819381714,
                    -0.812587320804596,
                    -0.3893255591392517,
                    -1.3626394271850586
                ],
                [
                    -0.9010397791862488,
                    -0.3911580443382263,
                    -0.18741102516651154,
                    -0.6559385657310486
                ],
                [
                    0.0,
                    0.43208473920822144,
                    -0.9018330574035645,
                    -3.1564154624938965
                ],
                [
                    0.0,
                    0.0,
                    0.0,
                    1.0
                ]
            ]
        },
        {
            "file_path": "images/0010.png",
            "transform_matrix": [
                [
                    0.29476359486579895,
                    0.8889688849449158,
                    0.35049787163734436,
                    1.2267425060272217
                ],
                [
                    0.9555702209472656,
                    -0.2742191553115845,
                    -0.10811765491962433,
                    -0.37841176986694336
                ],
                [
                    -7.450580596923828e-09,
                    0.3667944371700287,
                    -0.9303020238876343,
                    -3.256057024002075
                ],
                [
                    0.0,
                    0.0,
                    0.0,
                    1.0
                ]
            ]
        },
        {
            "file_path": "images/0012.png",
            "transform_matrix": [
                [
                    0.9983986020088196,
                    0.022383183240890503,
                    0.05195538327097893,
                    0.1818438470363617
                ],
                [
                    0.05657180771231651,
                    -0.3950260579586029,
                    -0.916926383972168,
                    -3.209242582321167
                ],
                [
                    0.0,
                    0.9183971881866455,
                    -0.3956596553325653,
                    -1.384808897972107
                ],
                [
                    0.0,
                    0.0,
                    0.0,
                    1.0
                ]
            ]
        },
        {
            "file_path": "images/0013.png",
            "transform_matrix": [
                [
                    0.6219445466995239,
                    -0.2298494130373001,
                    -0.7485681772232056,
                    -2.619988441467285
                ],
                [
                    -0.7830612659454346,
                    -0.1825573444366455,
                    -0.5945484638214111,
                    -2.0809195041656494
                ],
                [
                    0.0,
                    0.955950915813446,
                    -0.29352670907974243,
                    -1.0273433923721313
                ],
                [
                    0.0,
                    0.0,
                    0.0,
                    1.0
                ]
            ]
        },
        {
            "file_path": "images/0015.png",
            "transform_matrix": [
                [
                    -0.7643792629241943,
                    -0.6399238705635071,
                    -0.07887843996286392,
                    -0.27607452869415283
                ],
                [
                    -0.6447668671607971,
                    0.7586377859115601,
                    0.09351138770580292,
                    0.3272898495197296
                ],
                [
                    -3.725290298461914e-09,
                    0.12233638763427734,
                    -0.99248868227005,
                    -3.473710298538208
                ],
                [
                    0.0,
                    0.0,
                    0.0,
                    1.0
                ]
            ]
        },
        {
            "file_path": "images/0016.png",
            "transform_matrix": [
                [
                    -0.13769017159938812,
                    -0.3453926146030426,
                    0.9283023476600647,
                    3.249058485031128
                ],
                [
                    0.9904753565788269,
                    -0.04801448807120323,
                    0.129047229886055,
                    0.45166531205177307
                ],
                [
                    3.725290742551124e-09,
                    0.9372291564941406,
                    0.3487139940261841,
                    1.220499038696289
                ],
                [
                    0.0,
                    0.0,
                    0.0,
                    1.0
                ]
            ]
        },
        {
            "file_path": "images/0018.png",
            "transform_matrix": [
                [
                    -0.8969908356666565,
                    -0.09618975967168808,
                    0.43145692348480225,
                    1.510099172592163
                ],
                [
                    0.4420492649078369,
                    -0.19518490135669708,
                    0.8754972219467163,
                    3.0642402172088623
                ],
                [
                    7.450580596923828e-09,
                    0.9760380983352661,
                    0.21759967505931854,
                    0.7615988254547119
                ],
                [
                    0.0,
                    0.0,
                    0.0,
                    1.0
                ]
            ]
        },
        {
            "file_path": "images/0019.png",
            "transform_matrix": [
                [
                    -0.5587546825408936,
                    -0.3233599364757538,
                    -0.763696014881134,
                    -2.672935962677002
                ],
                [
                    -0.8293329477310181,
                    0.21786049008369446,
                    0.5145324468612671,
                    1.8008633852005005
                ],
                [
                    0.0,
                    0.920855700969696,
                    -0.3899036645889282,
                    -1.364662766456604
                ],
                [
                    0.0,
                    0.0,
                    0.0,
                    1.0
                ]
            ]
        },
        {
            "file_path": "images/0022.png",
            "transform_matrix": [
                [
                    -0.45474478602409363,
                    0.8445883393287659,
                    -0.282626748085022,
                    -0.9891936182975769
                ],
                [
                    -0.8906218409538269,
                    -0.43124040961265564,
                    0.14430707693099976,
                    0.5050747394561768
                ],
                [
                    0.0,
                    0.31733623147010803,
                    0.9483130574226379,
                    3.3190956115722656
                ],
                [
                    0.0,
                    0.0,
                    0.0,
                    1.0
                ]
            ]
        },
        {
            "file_path": "images/0026.png",
            "transform_matrix": [
                [
                    -0.8034310340881348,
                    0.17910858988761902,
                    0.5678192377090454,
                    1.9873675107955933
                ],
                [
                    0.5953978300094604,
                    0.24168948829174042,
                    0.7662163972854614,
                    2.6817574501037598
                ],
                [
                    0.0,
                    0.9536804556846619,
                    -0.3008217215538025,
                    -1.0528761148452759
                ],
                [
                    0.0,
                    0.0,
                    0.0,
                    1.0
                ]
            ]
        },
        {
            "file_path": "images/0027.png",
            "transform_matrix": [
                [
                    -0.651629626750946,
                    -0.5162864923477173,
                    0.555722177028656,
                    1.9450278282165527
                ],
                [
                    0.7585374116897583,
                    -0.4435214102268219,
                    0.4773991107940674,
                    1.6708970069885254
                ],
                [
                    -2.980232594040899e-08,
                    0.7326233983039856,
                    0.6806342005729675,
                    2.3822197914123535
                ],
                [
                    0.0,
                    0.0,
                    0.0,
                    1.0
                ]
            ]
        },
        {
            "file_path": "images/0028.png",
            "transform_matrix": [
                [
                    0.29775577783584595,
                    -0.5407078266143799,
                    -0.7867506742477417,
                    -2.753627300262451
                ],
                [
                    -0.9546421766281128,
                    -0.16864842176437378,
                    -0.2453899383544922,
                    -0.8588647246360779
                ],
                [
                    0.0,
                    0.8241315484046936,
                    -0.5663985013961792,
                    -1.9823945760726929
                ],
                [
                    0.0,
                    0.0,
                    0.0,
                    1.0
                ]
            ]
        },
        {
            "file_path": "images/0031.png",
            "transform_matrix": [
                [
                    -0.4674954414367676,
                    -0.2003280222415924,
                    0.8609974980354309,
                    3.013491153717041
                ],
                [
                    0.8839954733848572,
                    -0.10594221204519272,
                    0.4553331136703491,
                    1.5936658382415771
                ],
                [
                    0.0,
                    0.9739840626716614,
                    0.22661656141281128,
                    0.7931579351425171
                ],
                [
                    0.0,
                    0.0,
                    0.0,
                    1.0
                ]
            ]
        },
        {
            "file_path": "images/0036.png",
            "transform_matrix": [
                [
                    0.9101178646087646,
                    0.3475935757160187,
                    -0.22553104162216187,
                    -0.7893586158752441
                ],
                [
                    -0.4143495559692383,
                    0.7634884715080261,
                    -0.49537843465805054,
                    -1.7338244915008545
                ],
                [
                    -1.4901161193847656e-08,
                    0.5443015098571777,
                    0.8388897776603699,
                    2.9361140727996826
                ],
                [
                    0.0,
                    0.0,
                    0.0,
                    1.0
                ]
            ]
        },
        {
            "file_path": "images/0038.png",
            "transform_matrix": [
                [
                    -0.9683502912521362,
                    0.187636137008667,
                    0.16459159553050995,
                    0.5760705471038818
                ],
                [
                    0.24959510564804077,
                    0.7279689908027649,
                    0.6385635137557983,
                    2.2349722385406494
                ],
                [
                    1.4901161193847656e-08,
                    0.65943443775177,
                    -0.7517621517181396,
                    -2.631167411804199
                ],
                [
                    0.0,
                    0.0,
                    0.0,
                    1.0
                ]
            ]
        },
        {
            "file_path": "images/0039.png",
            "transform_matrix": [
                [
                    0.2571595311164856,
                    -0.6955277323722839,
                    0.6709025502204895,
                    2.348158836364746
                ],
                [
                    0.9663690328598022,
                    0.1850862205028534,
                    -0.17853324115276337,
                    -0.6248663067817688
                ],
                [
                    0.0,
                    0.6942508816719055,
                    0.7197330594062805,
                    2.5190656185150146
                ],
                [
                    0.0,
                    0.0,
                    0.0,
                    1.0
                ]
            ]
        },
        {
            "file_path": "images/0040.png",
            "transform_matrix": [
                [
                    -0.6798581480979919,
                    0.08862371742725372,
                    -0.7279689908027649,
                    -2.54789137840271
                ],
                [
                    -0.7333437204360962,
                    -0.08216004818677902,
                    0.6748753786087036,
                    2.3620636463165283
                ],
                [
                    -3.725290298461914e-09,
                    0.9926709532737732,
                    0.12084881961345673,
                    0.42297086119651794
                ],
                [
                    0.0,
                    0.0,
                    0.0,
                    1.0
                ]
            ]
        },
        {
            "file_path": "images/0041.png",
            "transform_matrix": [
                [
                    0.7682125568389893,
                    0.6323062181472778,
                    -0.10019127279520035,
                    -0.3506694436073303
                ],
                [
                    -0.6401948928833008,
                    0.7587463855743408,
                    -0.120226189494133,
                    -0.4207916557788849
                ],
                [
                    0.0,
                    0.15650154650211334,
                    0.987677812576294,
                    3.4568722248077393
                ],
                [
                    0.0,
                    0.0,
                    0.0,
                    1.0
                ]
            ]
        },
        {
            "file_path": "images/0044.png",
            "transform_matrix": [
                [
                    -0.9905690550804138,
                    -0.1366274654865265,
                    -0.010296681895852089,
                    -0.03603838384151459
                ],
                [
                    -0.13701492547988892,
                    0.9877678751945496,
                    0.0744413360953331,
                    0.26054465770721436
                ],
                [
                    9.31322685637781e-10,
                    0.07515015453100204,
                    -0.9971722364425659,
                    -3.490102767944336
                ],
                [
                    0.0,
                    0.0,
                    0.0,
                    1.0
                ]
            ]
        },
        {
            "file_path": "images/0045.png",
            "transform_matrix": [
                [
                    0.6457708477973938,
                    0.6176939606666565,
                    0.44881415367126465,
                    1.5708496570587158
                ],
                [
                    0.7635313868522644,
                    -0.522426187992096,
                    -0.3795929551124573,
                    -1.3285753726959229
                ],
                [
                    0.0,
                    0.5878137946128845,
                    -0.8089962601661682,
                    -2.8314871788024902
                ],
                [
                    0.0,
                    0.0,
                    0.0,
                    1.0
                ]
            ]
        },
        {
            "file_path": "images/0046.png",
            "transform_matrix": [
                [
                    -0.8021441698074341,
                    -0.5405969023704529,
                    -0.25361332297325134,
                    -0.8876466155052185
                ],
                [
                    -0.5971304178237915,
                    0.7262009382247925,
                    0.3406868278980255,
                    1.192403793334961
                ],
                [
                    0.0,
                    0.4247201085090637,
                    -0.9053246974945068,
                    -3.1686363220214844
                ],
                [
                    0.0,
                    0.0,
                    0.0,
                    1.0
                ]
            ]
        },
        {
            "file_path": "images/0050.png",
            "transform_matrix": [
                [
                    0.9991706609725952,
                    -0.04071391373872757,
                    -0.0005651246756315231,
                    -0.001977936364710331
                ],
                [
                    -0.04071783646941185,
                    -0.9990745186805725,
                    -0.013867535628378391,
                    -0.04853637143969536
                ],
                [
                    -5.8207653974573503e-11,
                    0.013880077749490738,
                    -0.9999037384986877,
                    -3.4996628761291504
                ],
                [
                    0.0,
                    0.0,
                    0.0,
                    1.0
                ]
            ]
        },
        {
            "file_path": "images/0052.png",
            "transform_matrix": [
                [
                    -0.6713446974754333,
                    -0.5714733004570007,
                    0.4719265103340149,
                    1.651742696762085
                ],
                [
                    0.7411453723907471,
                    -0.5176522731781006,
                    0.4274807274341583,
                    1.4961824417114258
                ],
                [
                    0.0,
                    0.6367529630661011,
                    0.7710679173469543,
                    2.698737621307373
                ],
                [
                    0.0,
                    0.0,
                    0.0,
                    1.0
                ]
            ]
        },
        {
            "file_path": "images/0054.png",
            "transform_matrix": [
                [
                    0.5376285910606384,
                    0.8029444217681885,
                    -0.2573632001876831,
                    -0.9007712006568909
                ],
                [
                    -0.8431819081306458,
                    0.5119724273681641,
                    -0.16409960389137268,
                    -0.5743485689163208
                ],
                [
                    0.0,
                    0.30522841215133667,
                    0.9522791504859924,
                    3.332976818084717
                ],
                [
                    0.0,
                    0.0,
                    0.0,
                    1.0
                ]
            ]
        },
        {
            "file_path": "images/0055.png",
            "transform_matrix": [
                [
                    -0.21250328421592712,
                    -0.9090912342071533,
                    -0.35832294821739197,
                    -1.254130244255066
                ],
                [
                    -0.9771603345870972,
                    0.19770027697086334,
                    0.07792457938194275,
                    0.2727360129356384
                ],
                [
                    -7.450580596923828e-09,
                    0.3666982650756836,
                    -0.9303399920463562,
                    -3.2561898231506348
                ],
                [
                    0.0,
                    0.0,
                    0.0,
                    1.0
                ]
            ]
        },
        {
            "file_path": "images/0056.png",
            "transform_matrix": [
                [
                    0.2642712891101837,
                    -0.8153272867202759,
                    -0.515172004699707,
                    -1.8031020164489746
                ],
                [
                    -0.9644484519958496,
                    -0.22341017425060272,
                    -0.14116376638412476,
                    -0.49407318234443665
                ],
                [
                    0.0,
                    0.5341622233390808,
                    -0.8453819751739502,
                    -2.958836793899536
                ],
                [
                    0.0,
                    0.0,
                    0.0,
                    1.0
                ]
            ]
        },
        {
            "file_path": "images/0057.png",
            "transform_matrix": [
                [
                    0.48591718077659607,
                    0.2400190830230713,
                    -0.8404018878936768,
                    -2.941406726837158
                ],
                [
                    -0.8740049600601196,
                    0.1334424912929535,
                    -0.4672349989414215,
                    -1.6353225708007812
                ],
                [
                    0.0,
                    0.9615529179573059,
                    0.27461984753608704,
                    0.9611694812774658
                ],
                [
                    0.0,
                    0.0,
                    0.0,
                    1.0
                ]
            ]
        },
        {
            "file_path": "images/0058.png",
            "transform_matrix": [
                [
                    0.9868748784065247,
                    0.14723847806453705,
                    -0.06632452458143234,
                    -0.2321358621120453
                ],
                [
                    -0.16148720681667328,
                    0.899798572063446,
                    -0.40532010793685913,
                    -1.4186204671859741
                ],
                [
                    -3.725290742551124e-09,
                    0.41071081161499023,
                    0.9117656350135803,
                    3.1911799907684326
                ],
                [
                    0.0,
                    0.0,
                    0.0,
                    1.0
                ]
            ]
        },
        {
            "file_path": "images/0061.png",
            "transform_matrix": [
                [
                    0.43716347217559814,
                    -0.41821396350860596,
                    0.7962319254875183,
                    2.786811590194702
                ],
                [
                    0.8993821144104004,
                    0.20328164100646973,
                    -0.3870251476764679,
                    -1.3545879125595093
                ],
                [
                    -1.4901161193847656e-08,
                    0.8853099346160889,
                    0.46500149369239807,
                    1.6275051832199097
                ],
                [
                    0.0,
                    0.0,
                    0.0,
                    1.0
                ]
            ]
        },
        {
            "file_path": "images/0062.png",
            "transform_matrix": [
                [
                    -0.33791473507881165,
                    -0.2573993504047394,
                    -0.9052951335906982,
                    -3.1685328483581543
                ],
                [
                    -0.9411767721176147,
                    0.09241519868373871,
                    0.32503199577331543,
                    1.137611985206604
                ],
                [
                    7.450580596923828e-09,
                    0.9618757963180542,
                    -0.2734867334365845,
                    -0.9572035670280457
                ],
                [
                    0.0,
                    0.0,
                    0.0,
                    1.0
                ]
            ]
        },
        {
            "file_path": "images/0064.png",
            "transform_matrix": [
                [
                    -0.510425329208374,
                    -0.20179635286331177,
                    -0.8359092473983765,
                    -2.925682306289673
                ],
                [
                    -0.8599221706390381,
                    0.11978057026863098,
                    0.4961719512939453,
                    1.736601710319519
                ],
                [
                    -7.450580596923828e-09,
                    0.9720755815505981,
                    -0.23466816544532776,
                    -0.8213385343551636
                ],
                [
                    0.0,
                    0.0,
                    0.0,
                    1.0
                ]
            ]
        },
        {
            "file_path": "images/0065.png",
            "transform_matrix": [
                [
                    -0.4303726553916931,
                    0.8274809718132019,
                    0.36063066124916077,
                    1.262207269668579
                ],
                [
                    0.9026513695716858,
                    0.39453235268592834,
                    0.17194409668445587,
                    0.6018043160438538
                ],
                [
                    1.4901162970204496e-08,
                    0.3995237946510315,
                    -0.9167228937149048,
                    -3.2085299491882324
                ],
                [
                    0.0,
                    0.0,
                    0.0,
                    1.0
                ]
            ]
        },
        {
            "file_path": "images/0067.png",
            "transform_matrix": [
                [
                    -0.9986303448677063,
                    -0.048744168132543564,
                    0.01901494897902012,
                    0.06655231863260269
                ],
                [
                    0.052321720868349075,
                    -0.9303479194641113,
                    0.36292585730552673,
                    1.2702404260635376
                ],
                [
                    0.0,
                    0.3634236454963684,
                    0.9316240549087524,
                    3.260684013366699
                ],
                [
                    0.0,
                    0.0,
                    0.0,
                    1.0
                ]
            ]
        },
        {
            "file_path": "images/0068.png",
            "transform_matrix": [
                [
                    0.9158501625061035,
                    0.3308977484703064,
                    -0.22743190824985504,
                    -0.7960116267204285
                ],
                [
                    -0.40152037143707275,
                    0.7547630667686462,
                    -0.5187620520591736,
                    -1.8156671524047852
                ],
                [
                    1.4901161193847656e-08,
                    0.5664268136024475,
                    0.8241121172904968,
                    2.884392261505127
                ],
                [
                    0.0,
                    0.0,
                    0.0,
                    1.0
                ]
            ]
        },
        {
            "file_path": "images/0069.png",
            "transform_matrix": [
                [
                    0.5370504856109619,
                    0.2306516468524933,
                    0.8114041090011597,
                    2.839914321899414
                ],
                [
                    0.8435501456260681,
                    -0.14684556424617767,
                    -0.516584575176239,
                    -1.8080458641052246
                ],
                [
                    7.450580596923828e-09,
                    0.9618920087814331,
                    -0.2734296917915344,
                    -0.9570038318634033
                ],
                [
                    0.0,
                    0.0,
                    0.0,
                    1.0
                ]
            ]
        },
        {
            "file_path": "images/0070.png",
            "transform_matrix": [
                [
                    0.8945353031158447,
                    0.3257904648780823,
                    0.3060511648654938,
                    1.0711790323257446
                ],
                [
                    0.4469974637031555,
                    -0.6519747972488403,
                    -0.6124722957611084,
                    -2.14365291595459
                ],
                [
                    1.4901161193847656e-08,
                    0.6846821308135986,
                    -0.7288418412208557,
                    -2.5509462356567383
                ],
                [
                    0.0,
                    0.0,
                    0.0,
                    1.0
                ]
            ]
        },
        {
            "file_path": "images/0071.png",
            "transform_matrix": [
                [
                    0.4451603293418884,
                    -0.742621898651123,
                    -0.5003448724746704,
                    -1.751206874847412
                ],
                [
                    -0.8954509496688843,
                    -0.36918359994888306,
                    -0.2487391233444214,
                    -0.8705868721008301
                ],
                [
                    0.0,
                    0.5587630867958069,
                    -0.829327404499054,
                    -2.9026458263397217
                ],
                [
                    0.0,
                    0.0,
                    0.0,
                    1.0
                ]
            ]
        },
        {
            "file_path": "images/0073.png",
            "transform_matrix": [
                [
                    -0.7715997099876404,
                    -0.6331790685653687,
                    -0.06097644194960594,
                    -0.21341755986213684
                ],
                [
                    -0.6361083984375,
                    0.7680464386940002,
                    0.0739644467830658,
                    0.2588755786418915
                ],
                [
                    0.0,
                    0.09585883468389511,
                    -0.9953949451446533,
                    -3.483882427215576
                ],
                [
                    0.0,
                    0.0,
                    0.0,
                    1.0
                ]
            ]
        },
        {
            "file_path": "images/0075.png",
            "transform_matrix": [
                [
                    0.7265699505805969,
                    -0.653710663318634,
                    0.21156175434589386,
                    0.7404661178588867
                ],
                [
                    0.6870924830436707,
                    0.6912702322006226,
                    -0.22371722757816315,
                    -0.7830102443695068
                ],
                [
                    0.0,
                    0.3079088032245636,
                    0.9514158964157104,
                    3.329955577850342
                ],
                [
                    0.0,
                    0.0,
                    0.0,
                    1.0
                ]
            ]
        },
        {
            "file_path": "images/0076.png",
            "transform_matrix": [
                [
                    0.9527594447135925,
                    0.13942724466323853,
                    0.26983243227005005,
                    0.944413423538208
                ],
                [
                    0.3037260174751282,
                    -0.4373699128627777,
                    -0.8464385271072388,
                    -2.9625346660614014
                ],
                [
                    -7.4505797087454084e-09,
                    0.8884074091911316,
                    -0.4590560495853424,
                    -1.6066961288452148
                ],
                [
                    0.0,
                    0.0,
                    0.0,
                    1.0
                ]
            ]
        },
        {
            "file_path": "images/0077.png",
            "transform_matrix": [
                [
                    0.9190519452095032,
                    -0.324552059173584,
                    0.2236282229423523,
                    0.7826987504959106
                ],
                [
                    0.39413654804229736,
                    0.7567940354347229,
                    -0.5214587450027466,
                    -1.8251054286956787
                ],
                [
                    0.0,
                    0.5673877000808716,
                    0.8234508037567139,
