{
    "focal": 1.7361111313746398,
    "frames": [
        {
            "file_path": "images/0001.png",
            "transform_matrix": [
                [
                    -0.272744745016098,
                    0.910855233669281,
                    -0.30976298451423645,
                    -1.0841704607009888
                ],
                [
                    -0.9620864391326904,
                    -0.2582210600376129,
                    0.08781562745571136,
                    0.30735471844673157
                ],
                [
                    0.0,
                    0.32197001576423645,
                    0.9467498064041138,
                    3.313624620437622
                ],
                [
                    0.0,
                    0.0,
                    0.0,
                    1.0
                ]
            ]
        },
        {
            "file_path": "images/0002.png",
            "transform_matrix": [
                [
                    0.9971421360969543,
                    -0.07264991849660873,
                    -0.02072574757039547,
                    -0.07254011183977127
                ],
                [
                    -0.0755484327673912,
                    -0.9588854312896729,
                    -0.2735532224178314,
                    -0.9574362635612488
                ],
                [
                    1.8626449271863521e-09,
                    0.27433711290359497,
                    -0.961633563041687,
                    -3.3657174110412598
                ],
                [
                    0.0,
                    0.0,
                    0.0,
                    1.0
                ]
            ]
        },
        {
            "file_path": "images/0004.png",
            "transform_matrix": [
                [
                    -0.6977230906486511,
                    0.036950934678316116,
                    0.7154139876365662,
                    2.503948926925659
                ],
                [
                    0.7163676023483276,
                    0.03598923236131668,
                    0.6967942714691162,
                    2.438779830932617
                ],
                [
                    0.0,
                    0.9986687898635864,
                    -0.05158097296953201,
                    -0.18053339421749115
                ],
                [
                    0.0,
                    0.0,
                    0.0,
                    1.0
                ]
            ]
        },
        {
            "file_path": "images/0005.png",
            "transform_matrix": [
                [
                    -0.9631511569023132,
                    0.11749709397554398,
                    -0.24193859100341797,
                    -0.8467850089073181
                ],
                [
                    -0.2689606547355652,
                    -0.4207584261894226,
                    0.8663848042488098,
                    3.032346725463867
                ],
                [
                    0.0,
                    0.8995314240455627,
                    0.43685606122016907,
                    1.5289961099624634
                ],
                [
                    0.0,
                    0.0,
                    0.0,
                    1.0
                ]
            ]
        },
        {
            "file_path": "images/0006.png",
            "transform_matrix": [
                [
                    -0.8943120837211609,
                    0.2610657215118408,
                    -0.36338767409324646,
                    -1.2718569040298462
                ],
                [
                    -0.44744372367858887,
                    -0.5217956900596619,
                    0.7263080477714539,
                    2.5420782566070557
                ],
                [
                    1.4901161193847656e-08,
                    0.8121415972709656,
                    0.5834603905677795,
                    2.042111396789551
                ],
                [
                    0.0,
                    0.0,
                    0.0,
                    1.0
                ]
            ]
        },
        {
            "file_path": "images/0007.png",
            "transform_matrix": [
                [
                    0.9893083572387695,
                    0.14176587760448456,
                    -0.0342281274497509,
                    -0.1197984591126442
                ],
                [
                    -0.1458394080400467,
                    0.9616753458976746,
                    -0.23218807578086853,
                    -0.8126583099365234
                ],
                [
                    0.0,
                    0.23469732701778412,
                    0.9720684289932251,
                    3.4022397994995117
                ],
                [
                    0.0,
                    0.0,
                    0.0,
                    1.0
                ]
            ]
        },
        {
            "file_path": "images/0008.png",
            "transform_matrix": [
                [
                    -0.23034445941448212,
                    -0.6807553172111511,
                    -0.6953514814376831,
                    -2.433730125427246
                ],
                [
                    -0.9731091260910034,
                    0.16114145517349243,
                    0.16459649801254272,
                    0.5760877132415771
                ],
                [
                    7.4505797087454084e-09,
                    0.7145668268203735,
                    -0.6995672583580017,
                    -2.4484853744506836
                ],
                [
                    0.0,
                    0.0,
                    0.0,
                    1.0
                ]
            ]
        },
        {
            "file_path": "images/0009.png",
            "transform_matrix": [
                [
                    0.4337366819381714,
                    -0.812587320804596,
                    -0.3893255591392517,
                    -1.3626394271850586
                ],
                [
                    -0.9010397791862488,
                    -0.3911580443382263,
                    -0.18741102516651154,
                    -0.6559385657310486
                ],
                [
                    0.0,
                    0.43208473920822144,
                    -0.9018330574035645,
                    -3.1564154624938965
                ],
                [
                    0.0,
                    0.0,
                    0.0,
                    1.0
                ]
            ]
        },
        {
            "file_path": "images/0013.png",
            "transform_matrix": [
                [
                    0.6219445466995239,
                    -0.2298494130373001,
                    -0.7485681772232056,
                    -2.619988441467285
                ],
                [
                    -0.7830612659454346,
                    -0.1825573444366455,
                    -0.5945484638214111,
                    -2.0809195041656494
                ],
                [
                    0.0,
                    0.955950915813446,
                    -0.29352670907974243,
                    -1.0273433923721313
                ],
                [
                    0.0,
                    0.0,
                    0.0,
                    1.0
                ]
            ]
        },
        {
            "file_path": "images/0014.png",
            "transform_matrix": [
                [
                    0.21665820479393005,
                    -0.9736312031745911,
                    0.07142536342144012,
                    0.24998876452445984
                ],
                [
                    0.9762475490570068,
                    0.21607756614685059,
                    -0.015851400792598724,
                    -0.055479902774095535
                ],
                [
                    0.0,
                    0.07316242903470993,
                    0.9973199963569641,
                    3.4906198978424072
                ],
                [
                    0.0,
                    0.0,
                    0.0,
                    1.0
                ]
            ]
        },
        {
            "file_path": "images/0015.png",
            "transform_matrix": [
                [
                    -0.7643792629241943,
                    -0.6399238705635071,
                    -0.07887843996286392,
                    -0.27607452869415283
                ],
                [
                    -0.6447668671607971,
                    0.7586377859115601,
                    0.09351138770580292,
                    0.3272898495197296
                ],
                [
                    -3.725290298461914e-09,
                    0.12233638763427734,
                    -0.99248868227005,
                    -3.473710298538208
                ],
                [
                    0.0,
                    0.0,
                    0.0,
                    1.0
                ]
            ]
        },
        {
            "file_path": "images/0020.png",
            "transform_matrix": [
                [
                    0.8605805039405823,
                    -0.18818449974060059,
                    -0.4732736647129059,
                    -1.656457781791687
                ],
                [
                    -0.5093145966529846,
                    -0.31797224283218384,
                    -0.7996826767921448,
                    -2.79888916015625
                ],
                [
                    0.0,
                    0.9292364120483398,
                    -0.3694857656955719,
                    -1.293200135231018
                ],
                [
                    0.0,
                    0.0,
                    0.0,
                    1.0
                ]
            ]
        },
        {
            "file_path": "images/0024.png",
            "transform_matrix": [
                [
                    0.6983349919319153,
                    -0.64136803150177,
                    0.31776610016822815,
                    1.112181305885315
                ],
                [
                    0.7157710790634155,
                    0.6257444024085999,
                    -0.3100253641605377,
                    -1.0850887298583984
                ],
                [
                    0.0,
                    0.443949431180954,
                    0.8960519433021545,
                    3.136181592941284
                ],
                [
                    0.0,
                    0.0,
                    0.0,
                    1.0
                ]
            ]
        },
        {
            "file_path": "images/0025.png",
            "transform_matrix": [
                [
                    0.9998551607131958,
                    0.004978343844413757,
                    -0.016274234279990196,
                    -0.05695981904864311
                ],
                [
                    -0.017018653452396393,
                    0.2924804091453552,
                    -0.9561201333999634,
                    -3.3464202880859375
                ],
                [
                    0.0,
                    0.9562585949897766,
                    0.2925227880477905,
                    1.023829698562622
                ],
                [
                    0.0,
                    0.0,
                    0.0,
                    1.0
                ]
            ]
        },
        {
            "file_path": "images/0026.png",
            "transform_matrix": [
                [
                    -0.8034310340881348,
                    0.17910858988761902,
                    0.5678192377090454,
                    1.9873675107955933
                ],
                [
                    0.5953978300094604,
                    0.24168948829174042,
                    0.7662163972854614,
                    2.6817574501037598
                ],
                [
                    0.0,
                    0.9536804556846619,
                    -0.3008217215538025,
                    -1.0528761148452759
                ],
                [
                    0.0,
                    0.0,
                    0.0,
                    1.0
                ]
            ]
        },
        {
            "file_path": "images/0027.png",
            "transform_matrix": [
                [
                    -0.651629626750946,
                    -0.5162864923477173,
                    0.555722177028656,
                    1.9450278282165527
                ],
                [
                    0.7585374116897583,
                    -0.4435214102268219,
                    0.4773991107940674,
                    1.6708970069885254
                ],
                [
                    -2.980232594040899e-08,
                    0.7326233983039856,
                    0.6806342005729675,
                    2.3822197914123535
                ],
                [
                    0.0,
                    0.0,
                    0.0,
                    1.0
                ]
            ]
        },
        {
            "file_path": "images/0028.png",
            "transform_matrix": [
                [
                    0.29775577783584595,
                    -0.5407078266143799,
                    -0.7867506742477417,
                    -2.753627300262451
                ],
                [
                    -0.9546421766281128,
                    -0.16864842176437378,
                    -0.2453899383544922,
                    -0.8588647246360779
                ],
                [
                    0.0,
                    0.8241315484046936,
                    -0.5663985013961792,
                    -1.9823945760726929
                ],
                [
                    0.0,
                    0.0,
                    0.0,
                    1.0
                ]
            ]
        },
        {
            "file_path": "images/0029.png",
            "transform_matrix": [
                [
                    0.24309639632701874,
                    -0.23648306727409363,
                    -0.9407337307929993,
                    -3.2925679683685303
                ],
                [
                    -0.9700021743774414,
                    -0.05926603451371193,
                    -0.23576129972934723,
                    -0.8251644968986511
                ],
                [
                    -3.725290742551124e-09,
                    0.969826340675354,
                    -0.2437964826822281,
                    -0.8532876372337341
                ],
                [
                    0.0,
                    0.0,
                    0.0,
                    1.0
                ]
            ]
        },
        {
            "file_path": "images/0030.png",
            "transform_matrix": [
                [
                    -0.07707000523805618,
                    -0.7585555911064148,
                    0.6470344662666321,
                    2.264620542526245
                ],
                [
                    0.997025728225708,
                    -0.05863628163933754,
                    0.050015710294246674,
                    0.17505498230457306
                ],
                [
                    -3.725290298461914e-09,
                    0.6489647030830383,
                    0.760818600654602,
                    2.662864923477173
                ],
                [
                    0.0,
                    0.0,
                    0.0,
                    1.0
                ]
            ]
        },
        {
            "file_path": "images/0031.png",
            "transform_matrix": [
                [
                    -0.4674954414367676,
                    -0.2003280222415924,
                    0.8609974980354309,
                    3.013491153717041
                ],
                [
                    0.8839954733848572,
                    -0.10594221204519272,
                    0.4553331136703491,
                    1.5936658382415771
                ],
                [
                    0.0,
                    0.9739840626716614,
                    0.22661656141281128,
                    0.7931579351425171
                ],
                [
                    0.0,
                    0.0,
                    0.0,
                    1.0
                ]
            ]
        },
        {
            "file_path": "images/0032.png",
            "transform_matrix": [
                [
                    -0.4276455044746399,
                    0.6094880700111389,
                    0.6675654649734497,
                    2.3364789485931396
                ],
                [
                    0.9039465188980103,
                    0.2883409857749939,
                    0.31581664085388184,
                    1.1053582429885864
                ],
                [
                    0.0,
                    0.7385010123252869,
                    -0.6742523908615112,
                    -2.3598833084106445
                ],
                [
                    0.0,
                    0.0,
                    0.0,
                    1.0
                ]
            ]
        },
        {
            "file_path": "images/0033.png",
            "transform_matrix": [
                [
                    -0.1808064728975296,
                    0.844197154045105,
                    0.5046188235282898,
                    1.7661657333374023
                ],
                [
                    0.9835187196731567,
                    0.15519410371780396,
                    0.09276727586984634,
                    0.3246854543685913
                ],
                [
                    7.450581485102248e-09,
                    0.5130748748779297,
                    -0.8583438396453857,
                    -3.0042033195495605
                ],
                [
                    0.0,
                    0.0,
                    0.0,
                    1.0
                ]
            ]
        },
        {
            "file_path": "images/0034.png",
            "transform_matrix": [
                [
                    -0.301206111907959,
                    -0.0032410379499197006,
                    0.9535535573959351,
                    3.337437391281128
                ],
                [
                    0.9535591006278992,
                    -0.00102376495487988,
                    0.3012043535709381,
                    1.0542151927947998
                ],
                [
                    -5.820766091346741e-11,
                    0.9999942779541016,
                    0.003398885251954198,
                    0.011896098032593727
                ],
                [
                    0.0,
                    0.0,
                    0.0,
                    1.0
                ]
            ]
        },
        {
            "file_path": "images/0035.png",
            "transform_matrix": [
                [
                    0.8802108764648438,
                    -0.471945583820343,
                    0.049961525946855545,
                    0.17486535012722015
                ],
                [
                    0.4745827615261078,
                    0.8753196597099304,
                    -0.09266387671232224,
                    -0.3243235945701599
                ],
                [
                    3.725290298461914e-09,
                    0.10527481883764267,
                    0.9944431781768799,
                    3.480551242828369
                ],
                [
                    0.0,
                    0.0,
                    0.0,
                    1.0
                ]
            ]
        },
        {
            "file_path": "images/0037.png",
            "transform_matrix": [
                [
                    0.7684011459350586,
                    -0.577373743057251,
                    -0.2760421335697174,
                    -0.9661475419998169
                ],
                [
                    -0.6399685144424438,
                    -0.6932445168495178,
                    -0.33143988251686096,
                    -1.1600396633148193
                ],
                [
                    0.0,
                    0.43133705854415894,
                    -0.9021908640861511,
                    -3.157668113708496
                ],
                [
                    0.0,
                    0.0,
                    0.0,
                    1.0
                ]
            ]
        },
        {
            "file_path": "images/0038.png",
            "transform_matrix": [
                [
                    -0.9683502912521362,
                    0.187636137008667,
                    0.16459159553050995,
                    0.5760705471038818
                ],
                [
                    0.24959510564804077,
                    0.7279689908027649,
                    0.6385635137557983,
                    2.2349722385406494
                ],
                [
                    1.4901161193847656e-08,
                    0.65943443775177,
                    -0.7517621517181396,
                    -2.631167411804199
                ],
                [
                    0.0,
                    0.0,
                    0.0,
                    1.0
                ]
            ]
        },
        {
            "file_path": "images/0040.png",
            "transform_matrix": [
                [
                    -0.6798581480979919,
                    0.08862371742725372,
                    -0.7279689908027649,
                    -2.54789137840271
                ],
                [
                    -0.7333437204360962,
                    -0.08216004818677902,
                    0.6748753786087036,
                    2.3620636463165283
                ],
                [
                    -3.725290298461914e-09,
                    0.9926709532737732,
                    0.12084881961345673,
                    0.42297086119651794
                ],
                [
                    0.0,
                    0.0,
                    0.0,
                    1.0
                ]
            ]
        },
        {
            "file_path": "images/0041.png",
            "transform_matrix": [
                [
                    0.7682125568389893,
                    0.6323062181472778,
                    -0.10019127279520035,
                    -0.3506694436073303
                ],
                [
                    -0.6401948928833008,
                    0.7587463855743408,
                    -0.120226189494133,
                    -0.4207916557788849
                ],
                [
                    0.0,
                    0.15650154650211334,
                    0.987677812576294,
                    3.4568722248077393
                ],
                [
                    0.0,
                    0.0,
                    0.0,
                    1.0
                ]
            ]
        },
        {
            "file_path": "images/0043.png",
            "transform_matrix": [
                [
                    0.5435711741447449,
                    0.8103441596031189,
                    0.2187982052564621,
                    0.7657937407493591
                ],
                [
                    0.8393630981445312,
                    -0.5247785449028015,
                    -0.14169363677501678,
                    -0.4959277808666229
                ],
                [
                    -7.450581485102248e-09,
                    0.26067155599594116,
                    -0.9654274582862854,
                    -3.3789963722229004
                ],
                [
                    0.0,
                    0.0,
                    0.0,
                    1.0
                ]
            ]
        },
        {
            "file_path": "images/0044.png",
            "transform_matrix": [
                [
                    -0.9905690550804138,
                    -0.1366274654865265,
                    -0.010296681895852089,
                    -0.03603838384151459
                ],
                [
                    -0.13701492547988892,
                    0.9877678751945496,
                    0.0744413360953331,
                    0.26054465770721436
                ],
                [
                    9.31322685637781e-10,
                    0.07515015453100204,
                    -0.9971722364425659,
                    -3.490102767944336
                ],
                [
                    0.0,
                    0.0,
                    0.0,
                    1.0
                ]
            ]
        },
        {
            "file_path": "images/0046.png",
            "transform_matrix": [
                [
                    -0.8021441698074341,
                    -0.5405969023704529,
                    -0.25361332297325134,
                    -0.8876466155052185
                ],
                [
                    -0.5971304178237915,
                    0.7262009382247925,
                    0.3406868278980255,
                    1.192403793334961
                ],
                [
                    0.0,
                    0.4247201085090637,
                    -0.9053246974945068,
                    -3.1686363220214844
                ],
                [
                    0.0,
                    0.0,
                    0.0,
                    1.0
                ]
            ]
        },
        {
            "file_path": "images/0048.png",
            "transform_matrix": [
                [
                    -0.40798360109329224,
                    0.7806693315505981,
                    0.4733971655368805,
                    1.6568900346755981
                ],
                [
                    0.9129892587661743,
                    0.3488543629646301,
                    0.2115449756383896,
                    0.740407407283783
                ],
                [
                    1.4901161193847656e-08,
                    0.5185133218765259,
                    -0.8550695180892944,
                    -2.9927432537078857
                ],
                [
                    0.0,
                    0.0,
                    0.0,
                    1.0
                ]
            ]
        },
        {
            "file_path": "images/0049.png",
            "transform_matrix": [
                [
                    -0.015477580018341541,
                    -0.10143551975488663,
                    -0.9947217106819153,
                    -3.4815258979797363
                ],
                [
                    -0.999880313873291,
                    0.0015701643424108624,
                    0.015397727489471436,
                    0.053892042487859726
                ],
                [
                    0.0,
                    0.9948408603668213,
                    -0.1014476791024208,
                    -0.35506686568260193
                ],
                [
                    0.0,
                    0.0,
                    0.0,
                    1.0
                ]
            ]
        },
        {
            "file_path": "images/0051.png",
            "transform_matrix": [
                [
                    0.1355815976858139,
                    -0.9331952333450317,
                    0.33281269669532776,
                    1.1648443937301636
                ],
                [
                    0.9907662868499756,
                    0.12770327925682068,
                    -0.04554381221532822,
                    -0.15940333902835846
                ],
                [
                    -7.450581485102248e-09,
                    0.33591440320014954,
                    0.9418925046920776,
                    3.296623706817627
                ],
                [
                    0.0,
                    0.0,
                    0.0,
                    1.0
                ]
            ]
        },
        {
            "file_path": "images/0053.png",
            "transform_matrix": [
                [
                    0.5163619518280029,
                    -0.5562581419944763,
                    0.6511123776435852,
                    2.278893232345581
                ],
                [
                    0.8563704490661621,
                    0.33540451526641846,
                    -0.39259836077690125,
                    -1.3740942478179932
                ],
                [
                    1.4901161193847656e-08,
                    0.7603161931037903,
                    0.6495530605316162,
                    2.273435592651367
                ],
                [
                    0.0,
                    0.0,
                    0.0,
                    1.0
                ]
            ]
        },
        {
            "file_path": "images/0054.png",
            "transform_matrix": [
                [
                    0.5376285910606384,
                    0.8029444217681885,
                    -0.2573632001876831,
                    -0.9007712006568909
                ],
                [
                    -0.8431819081306458,
                    0.5119724273681641,
                    -0.16409960389137268,
                    -0.5743485689163208
                ],
                [
                    0.0,
                    0.30522841215133667,
                    0.9522791504859924,
                    3.332976818084717
                ],
                [
                    0.0,
                    0.0,
                    0.0,
                    1.0
                ]
            ]
        },
        {
            "file_path": "images/0055.png",
            "transform_matrix": [
                [
                    -0.21250328421592712,
                    -0.9090912342071533,
                    -0.35832294821739197,
                    -1.254130244255066
                ],
                [
                    -0.9771603345870972,
                    0.19770027697086334,
                    0.07792457938194275,
                    0.2727360129356384
                ],
                [
                    -7.450580596923828e-09,
                    0.3666982650756836,
                    -0.9303399920463562,
                    -3.2561898231506348
                ],
                [
                    0.0,
                    0.0,
                    0.0,
                    1.0
                ]
            ]
        },
        {
            "file_path": "images/0057.png",
            "transform_matrix": [
                [
                    0.48591718077659607,
                    0.2400190830230713,
                    -0.8404018878936768,
                    -2.941406726837158
                ],
                [
                    -0.8740049600601196,
                    0.1334424912929535,
                    -0.4672349989414215,
                    -1.6353225708007812
                ],
                [
                    0.0,
                    0.9615529179573059,
                    0.27461984753608704,
                    0.9611694812774658
                ],
                [
                    0.0,
                    0.0,
                    0.0,
                    1.0
                ]
            ]
        },
        {
            "file_path": "images/0059.png",
            "transform_matrix": [
                [
                    0.9347610473632812,
                    0.31350213289260864,
                    0.16714738309383392,
                    0.5850158333778381
                ],
                [
                    0.3552771508693695,
                    -0.8248478174209595,
                    -0.4397774040699005,
                    -1.5392208099365234
                ],
                [
                    0.0,
                    0.4704703688621521,
                    -0.8824158310890198,
                    -3.0884552001953125
                ],
                [
                    0.0,
                    0.0,
                    0.0,
                    1.0
                ]
            ]
        },
        {
            "file_path": "images/0061.png",
            "transform_matrix": [
                [
                    0.43716347217559814,
                    -0.41821396350860596,
                    0.7962319254875183,
                    2.786811590194702
                ],
                [
                    0.8993821144104004,
                    0.20328164100646973,
                    -0.3870251476764679,
                    -1.3545879125595093
                ],
                [
                    -1.4901161193847656e-08,
                    0.8853099346160889,
                    0.46500149369239807,
                    1.6275051832199097
                ],
                [
                    0.0,
                    0.0,
                    0.0,
                    1.0
                ]
            ]
        },
        {
            "file_path": "images/0063.png",
            "transform_matrix": [
                [
                    0.14924240112304688,
                    0.675887942314148,
                    0.7217356562614441,
                    2.5260746479034424
                ],
                [
                    0.9888007044792175,
                    -0.10201362520456314,
                    -0.10893354564905167,
                    -0.38126739859580994
                ],
                [
                    0.0,
                    0.7299101948738098,
                    -0.6835431456565857,
                    -2.3924009799957275
                ],
                [
                    0.0,
                    0.0,
                    0.0,
                    1.0
                ]
            ]
        },
        {
            "file_path": "images/0067.png",
            "transform_matrix": [
                [
                    -0.9986303448677063,
                    -0.048744168132543564,
                    0.01901494897902012,
                    0.06655231863260269
                ],
                [
                    0.052321720868349075,
                    -0.9303479194641113,
                    0.36292585730552673,
                    1.2702404260635376
                ],
                [
                    0.0,
                    0.3634236454963684,
                    0.9316240549087524,
                    3.260684013366699
                ],
                [
                    0.0,
                    0.0,
                    0.0,
                    1.0
                ]
            ]
        },
        {
            "file_path": "images/0068.png",
            "transform_matrix": [
                [
                    0.9158501625061035,
                    0.3308977484703064,
                    -0.22743190824985504,
                    -0.7960116267204285
                ],
                [
                    -0.40152037143707275,
                    0.7547630667686462,
                    -0.5187620520591736,
                    -1.8156671524047852
                ],
                [
                    1.4901161193847656e-08,
                    0.5664268136024475,
                    0.8241121172904968,
                    2.884392261505127
                ],
                [
                    0.0,
                    0.0,
                    0.0,
                    1.0
                ]
            ]
        },
        {
            "file_path": "images/0069.png",
            "transform_matrix": [
                [
                    0.5370504856109619,
                    0.2306516468524933,
                    0.8114041090011597,
                    2.839914321899414
                ],
                [
                    0.8435501456260681,
                    -0.14684556424617767,
                    -0.516584575176239,
                    -1.8080458641052246
                ],
                [
                    7.450580596923828e-09,
                    0.9618920087814331,
                    -0.2734296917915344,
                    -0.9570038318634033
                ],
                [
                    0.0,
                    0.0,
                    0.0,
                    1.0
                ]
            ]
        },
        {
            "file_path": "images/0070.png",
            "transform_matrix": [
                [
                    0.8945353031158447,
                    0.3257904648780823,
                    0.3060511648654938,
                    1.0711790323257446
                ],
                [
                    0.4469974637031555,
                    -0.6519747972488403,
                    -0.6124722957611084,
                    -2.14365291595459
                ],
                [
                    1.4901161193847656e-08,
                    0.6846821308135986,
                    -0.7288418412208557,
                    -2.5509462356567383
                ],
                [
                    0.0,
                    0.0,
                    0.0,
                    1.0
                ]
            ]
        },
        {
            "file_path": "images/0071.png",
            "transform_matrix": [
                [
                    0.4451603293418884,
                    -0.742621898651123,
                    -0.5003448724746704,
                    -1.751206874847412
                ],
                [
                    -0.8954509496688843,
                    -0.36918359994888306,
                    -0.2487391233444214,
                    -0.8705868721008301
                ],
                [
                    0.0,
                    0.5587630867958069,
                    -0.829327404499054,
                    -2.9026458263397217
                ],
                [
                    0.0,
                    0.0,
                    0.0,
                    1.0
                ]
            ]
        },
        {
            "file_path": "images/0072.png",
            "transform_matrix": [
                [
                    0.9825038909912109,
                    0.18622547388076782,
                    0.002504660515114665,
                    0.008766312152147293
                ],
                [
                    0.18624229729175568,
                    -0.9824150800704956,
                    -0.013213102705776691,
                    -0.04624586179852486
                ],
                [
                    -2.3283064365386963e-10,
                    0.013446991331875324,
                    -0.999909520149231,
                    -3.4996836185455322
                ],
                [
                    0.0,
                    0.0,
                    0.0,
                    1.0
                ]
            ]
        },
        {
            "file_path": "images/0078.png",
            "transform_matrix": [
                [
                    -0.7914478182792664,
                    0.35775575041770935,
                    0.4956018328666687,
                    1.7346065044403076
                ],
                [
                    0.6112367510795593,
                    0.46323293447494507,
                    0.6417202353477478,
                    2.246021032333374
                ],
                [
                    1.4901161193847656e-08,
                    0.8108181953430176,
