{
    "focal": 1.7361111313746398,
    "frames": [
        {
            "file_path": "test/0001.png",
            "transform_matrix": [
                [
                    0.6859206557273865,
                    -0.32401347160339355,
                    0.6515582203865051,
                    7.358891487121582
                ],
                [
                    0.7276763319969177,
                    0.305420845746994,
                    -0.6141703724861145,
                    -6.925790786743164
                ],
                [
                    0.0,
                    0.8953956365585327,
                    0.44527140259742737,
                    4.958309173583984
                ],
                [
                    0.0,
                    0.0,
                    0.0,
                    1.0
                ]
            ]
        },
        {
            "file_path": "test/0003.png",
            "transform_matrix": [
                [
                    0.6859206557273865,
                    -0.32401347160339355,
                    0.6515582203865051,
                    7.358891487121582
                ],
                [
                    0.7276763319969177,
                    0.305420845746994,
                    -0.6141703724861145,
                    -6.925790786743164
                ],
                [
                    0.0,
                    0.8953956365585327,
                    0.44527140259742737,
                    4.958309173583984
                ],
                [
                    0.0,
                    0.0,
                    0.0,
                    1.0
                ]
            ]
        },
        {
            "file_path": "test/0007.png",
            "transform_matrix": [
                [
                    0.6859206557273865,
                    -0.32401347160339355,
                    0.6515582203865051,
                    7.358891487121582
                ],
                [
                    0.7276763319969177,
                    0.305420845746994,
                    -0.6141703724861145,
                    -6.925790786743164
                ],
                [
                    0.0,
                    0.8953956365585327,
                    0.44527140259742737,
                    4.958309173583984
                ],
                [
                    0.0,
                    0.0,
                    0.0,
                    1.0
                ]
            ]
        },
        {
            "file_path": "test/0015.png",
            "transform_matrix": [
                [
                    0.6859206557273865,
                    -0.32401347160339355,
                    0.6515582203865051,
                    7.358891487121582
                ],
                [
                    0.7276763319969177,
                    0.305420845746994,
                    -0.6141703724861145,
                    -6.925790786743164
                ],
                [
                    0.0,
                    0.8953956365585327,
                    0.44527140259742737,
                    4.958309173583984
                ],
                [
                    0.0,
                    0.0,
                    0.0,
                    1.0
                ]
            ]
        },
        {
            "file_path": "test/0018.png",
            "transform_matrix": [
                [
                    0.6859206557273865,
                    -0.32401347160339355,
                    0.6515582203865051,
                    7.358891487121582
                ],
                [
                    0.7276763319969177,
                    0.305420845746994,
                    -0.6141703724861145,
                    -6.925790786743164
                ],
                [
                    0.0,
                    0.8953956365585327,
                    0.44527140259742737,
                    4.958309173583984
                ],
                [
                    0.0,
                    0.0,
                    0.0,
                    1.0
                ]
            ]
        },
        {
            "file_path": "test/0026.png",
            "transform_matrix": [
                [
                    0.6859206557273865,
                    -0.32401347160339355,
                    0.6515582203865051,
                    7.358891487121582
                ],
                [
                    0.7276763319969177,
                    0.305420845746994,
                    -0.6141703724861145,
                    -6.925790786743164
                ],
                [
                    0.0,
                    0.8953956365585327,
                    0.44527140259742737,
                    4.958309173583984
                ],
                [
                    0.0,
                    0.0,
                    0.0,
                    1.0
                ]
            ]
        },
        {
            "file_path": "test/0029.png",
            "transform_matrix": [
                [
                    0.6859206557273865,
                    -0.32401347160339355,
                    0.6515582203865051,
                    7.358891487121582
                ],
                [
                    0.7276763319969177,
                    0.305420845746994,
                    -0.6141703724861145,
                    -6.925790786743164
                ],
                [
                    0.0,
                    0.8953956365585327,
                    0.44527140259742737,
                    4.958309173583984
                ],
                [
                    0.0,
                    0.0,
                    0.0,
                    1.0
                ]
            ]
        },
        {
            "file_path": "test/0031.png",
            "transform_matrix": [
                [
                    0.6859206557273865,
                    -0.32401347160339355,
                    0.6515582203865051,
                    7.358891487121582
                ],
                [
                    0.7276763319969177,
                    0.305420845746994,
                    -0.6141703724861145,
                    -6.925790786743164
                ],
                [
                    0.0,
                    0.8953956365585327,
                    0.44527140259742737,
                    4.958309173583984
                ],
                [
                    0.0,
                    0.0,
                    0.0,
                    1.0
                ]
            ]
        },
        {
            "file_path": "test/0036.png",
            "transform_matrix": [
                [
                    0.6859206557273865,
                    -0.32401347160339355,
                    0.6515582203865051,
                    7.358891487121582
                ],
                [
                    0.7276763319969177,
                    0.305420845746994,
                    -0.6141703724861145,
                    -6.925790786743164
                ],
                [
                    0.0,
                    0.8953956365585327,
                    0.44527140259742737,
                    4.958309173583984
                ],
                [
                    0.0,
                    0.0,
                    0.0,
                    1.0
                ]
            ]
        },
        {
            "file_path": "test/0037.png",
            "transform_matrix": [
                [
                    0.6859206557273865,
                    -0.32401347160339355,
                    0.6515582203865051,
                    7.358891487121582
                ],
                [
                    0.7276763319969177,
                    0.305420845746994,
                    -0.6141703724861145,
                    -6.925790786743164
                ],
                [
                    0.0,
                    0.8953956365585327,
                    0.44527140259742737,
                    4.958309173583984
                ],
                [
                    0.0,
                    0.0,
                    0.0,
                    1.0
                ]
            ]
        },
        {
            "file_path": "test/0045.png",
            "transform_matrix": [
                [
                    0.6859206557273865,
                    -0.32401347160339355,
                    0.6515582203865051,
                    7.358891487121582
                ],
                [
                    0.7276763319969177,
                    0.305420845746994,
                    -0.6141703724861145,
                    -6.925790786743164
                ],
                [
                    0.0,
                    0.8953956365585327,
                    0.44527140259742737,
                    4.958309173583984
                ],
                [
                    0.0,
                    0.0,
                    0.0,
                    1.0
                ]
            ]
        },
        {
            "file_path": "test/0047.png",
            "transform_matrix": [
                [
                    0.6859206557273865,
                    -0.32401347160339355,
                    0.6515582203865051,
                    7.358891487121582
                ],
                [
                    0.7276763319969177,
                    0.305420845746994,
                    -0.6141703724861145,
                    -6.925790786743164
                ],
                [
                    0.0,
                    0.8953956365585327,
                    0.44527140259742737,
                    4.958309173583984
                ],
                [
                    0.0,
                    0.0,
                    0.0,
                    1.0
                ]
            ]
        },
        {
            "file_path": "test/0054.png",
            "transform_matrix": [
                [
                    0.6859206557273865,
                    -0.32401347160339355,
                    0.6515582203865051,
                    7.358891487121582
                ],
                [
                    0.7276763319969177,
                    0.305420845746994,
                    -0.6141703724861145,
                    -6.925790786743164
                ],
                [
                    0.0,
                    0.8953956365585327,
                    0.44527140259742737,
                    4.958309173583984
                ],
                [
                    0.0,
                    0.0,
                    0.0,
                    1.0
                ]
            ]
        },
        {
            "file_path": "test/0056.png",
            "transform_matrix": [
                [
                    0.6859206557273865,
                    -0.32401347160339355,
                    0.6515582203865051,
                    7.358891487121582
                ],
                [
                    0.7276763319969177,
                    0.305420845746994,
                    -0.6141703724861145,
                    -6.925790786743164
                ],
                [
                    0.0,
                    0.8953956365585327,
                    0.44527140259742737,
                    4.958309173583984
                ],
                [
                    0.0,
                    0.0,
                    0.0,
                    1.0
                ]
            ]
        },
        {
            "file_path": "test/0058.png",
            "transform_matrix": [
                [
                    0.6859206557273865,
                    -0.32401347160339355,
                    0.6515582203865051,
                    7.358891487121582
                ],
                [
                    0.7276763319969177,
                    0.305420845746994,
                    -0.6141703724861145,
                    -6.925790786743164
                ],
                [
                    0.0,
                    0.8953956365585327,
                    0.44527140259742737,
                    4.958309173583984
                ],
                [
                    0.0,
                    0.0,
                    0.0,
                    1.0
                ]
            ]
        },
        {
            "file_path": "test/0062.png",
            "transform_matrix": [
                [
                    0.6859206557273865,
                    -0.32401347160339355,
                    0.6515582203865051,
                    7.358891487121582
                ],
                [
                    0.7276763319969177,
                    0.305420845746994,
                    -0.6141703724861145,
                    -6.925790786743164
                ],
                [
                    0.0,
                    0.8953956365585327,
                    0.44527140259742737,
                    4.958309173583984
                ],
                [
                    0.0,
                    0.0,
                    0.0,
                    1.0
                ]
            ]
        },
        {
            "file_path": "test/0069.png",
            "transform_matrix": [
                [
                    0.6859206557273865,
                    -0.32401347160339355,
                    0.6515582203865051,
                    7.358891487121582
                ],
                [
                    0.7276763319969177,
                    0.305420845746994,
                    -0.6141703724861145,
                    -6.925790786743164
                ],
                [
                    0.0,
                    0.8953956365585327,
                    0.44527140259742737,
                    4.958309173583984
                ],
                [
                    0.0,
                    0.0,
                    0.0,
                    1.0
                ]
            ]
        },
        {
            "file_path": "test/0070.png",
            "transform_matrix": [
                [
                    0.6859206557273865,
                    -0.32401347160339355,
                    0.6515582203865051,
                    7.358891487121582
                ],
                [
                    0.7276763319969177,
                    0.305420845746994,
                    -0.6141703724861145,
                    -6.925790786743164
                ],
                [
                    0.0,
                    0.8953956365585327,
                    0.44527140259742737,
                    4.958309173583984
                ],
                [
                    0.0,
                    0.0,
                    0.0,
                    1.0
                ]
            ]
        },
        {
            "file_path": "test/0077.png",
            "transform_matrix": [
                [
                    0.6859206557273865,
                    -0.32401347160339355,
                    0.6515582203865051,
                    7.358891487121582
                ],
                [
                    0.7276763319969177,
                    0.305420845746994,
                    -0.6141703724861145,
                    -6.925790786743164
                ],
                [
                    0.0,
                    0.8953956365585327,
                    0.44527140259742737,
                    4.958309173583984
                ],
                [
                    0.0,
                    0.0,
                    0.0,
                    1.0
                ]
            ]
        },
        {
            "file_path": "test/0079.png",
            "transform_matrix": [
                [
                    0.6859206557273865,
                    -0.32401347160339355,
                    0.6515582203865051,
                    7.358891487121582
                ],
                [
                    0.7276763319969177,
                    0.305420845746994,
                    -0.6141703724861145,
                    -6.925790786743164
                ],
                [
                    0.0,
                    0.8953956365585327,
                    0.44527140259742737,
                    4.958309173583984
                ],
                [
                    0.0,
                    0.0,
                    0.0,
                    1.0
                ]
            ]
        },
        {
            "file_path": "test/0081.png",
            "transform_matrix": [
                [
                    0.6859206557273865,
                    -0.32401347160339355,
                    0.6515582203865051,
                    7.358891487121582
                ],
                [
                    0.7276763319969177,
                    0.305420845746994,
                    -0.6141703724861145,
                    -6.925790786743164
                ],
                [
                    0.0,
                    0.8953956365585327,
                    0.44527140259742737,
                    4.958309173583984
                ],
                [
                    0.0,
                    0.0,
                    0.0,
                    1.0
                ]
            ]
        },
        {
            "file_path": "test/0085.png",
            "transform_matrix": [
                [
                    0.6859206557273865,
                    -0.32401347160339355,
                    0.6515582203865051,
                    7.358891487121582
                ],
                [
                    0.7276763319969177,
                    0.305420845746994,
                    -0.6141703724861145,
                    -6.925790786743164
                ],
                [
                    0.0,
                    0.8953956365585327,
                    0.44527140259742737,
                    4.958309173583984
                ],
                [
                    0.0,
                    0.0,
                    0.0,
                    1.0
                ]
            ]
        },
        {
            "file_path": "test/0091.png",
            "transform_matrix": [
                [
                    0.6859206557273865,
                    -0.32401347160339355,
                    0.6515582203865051,
                    7.358891487121582
                ],
                [
                    0.7276763319969177,
                    0.305420845746994,
                    -0.6141703724861145,
                    -6.925790786743164
                ],
                [
                    0.0,
                    0.8953956365585327,
                    0.44527140259742737,
                    4.958309173583984
                ],
                [
                    0.0,
                    0.0,
                    0.0,
                    1.0
                ]
            ]
        },
        {
            "file_path": "test/0093.png",
            "transform_matrix": [
                [
                    0.6859206557273865,
                    -0.32401347160339355,
                    0.6515582203865051,
                    7.358891487121582
                ],
                [
                    0.7276763319969177,
                    0.305420845746994,
                    -0.6141703724861145,
                    -6.925790786743164
                ],
                [
                    0.0,
                    0.8953956365585327,
                    0.44527140259742737,
                    4.958309173583984
                ],
                [
                    0.0,
                    0.0,
                    0.0,
                    1.0
                ]
            ]
        },
        {
            "file_path": "test/0099.png",
            "transform_matrix": [
                [
                    0.6859206557273865,
                    -0.32401347160339355,
                    0.6515582203865051,
                    7.358891487121582
                ],
                [
                    0.7276763319969177,
                    0.305420845746994,
                    -0.6141703724861145,
                    -6.925790786743164
                ],
                [
                    0.0,
                    0.8953956365585327,
                    0.44527140259742737,
                    4.958309173583984
                ],
                [
                    0.0,
                    0.0,
                    0.0,
                    1.0
                ]
            ]
        },
        {
            "file_path": "test/0101.png",
            "transform_matrix": [
                [
                    0.6859206557273865,
                    -0.32401347160339355,
                    0.6515582203865051,
                    7.358891487121582
                ],
                [
                    0.7276763319969177,
                    0.305420845746994,
                    -0.6141703724861145,
                    -6.925790786743164
                ],
                [
                    0.0,
                    0.8953956365585327,
                    0.44527140259742737,
                    4.958309173583984
                ],
                [
                    0.0,
                    0.0,
                    0.0,
                    1.0
                ]
            ]
        },
        {
            "file_path": "test/0103.png",
            "transform_matrix": [
                [
                    0.6859206557273865,
                    -0.32401347160339355,
                    0.6515582203865051,
                    7.358891487121582
                ],
                [
                    0.7276763319969177,
                    0.305420845746994,
                    -0.6141703724861145,
                    -6.925790786743164
                ],
                [
                    0.0,
                    0.8953956365585327,
                    0.44527140259742737,
                    4.958309173583984
                ],
                [
                    0.0,
                    0.0,
                    0.0,
                    1.0
                ]
            ]
        },
        {
            "file_path": "test/0108.png",
            "transform_matrix": [
                [
                    0.6859206557273865,
                    -0.32401347160339355,
                    0.6515582203865051,
                    7.358891487121582
                ],
                [
                    0.7276763319969177,
                    0.305420845746994,
                    -0.6141703724861145,
                    -6.925790786743164
                ],
                [
                    0.0,
                    0.8953956365585327,
                    0.44527140259742737,
                    4.958309173583984
                ],
                [
                    0.0,
                    0.0,
                    0.0,
                    1.0
                ]
            ]
        },
        {
            "file_path": "test/0112.png",
            "transform_matrix": [
                [
                    0.6859206557273865,
                    -0.32401347160339355,
                    0.6515582203865051,
                    7.358891487121582
                ],
                [
                    0.7276763319969177,
                    0.305420845746994,
                    -0.6141703724861145,
                    -6.925790786743164
                ],
                [
                    0.0,
                    0.8953956365585327,
                    0.44527140259742737,
                    4.958309173583984
                ],
                [
                    0.0,
                    0.0,
                    0.0,
                    1.0
                ]
            ]
        },
        {
            "file_path": "test/0114.png",
            "transform_matrix": [
                [
                    0.6859206557273865,
                    -0.32401347160339355,
                    0.6515582203865051,
                    7.358891487121582
                ],
                [
                    0.7276763319969177,
                    0.305420845746994,
                    -0.6141703724861145,
                    -6.925790786743164
                ],
                [
                    0.0,
                    0.8953956365585327,
                    0.44527140259742737,
                    4.958309173583984
                ],
                [
                    0.0,
                    0.0,
                    0.0,
                    1.0
                ]
            ]
        },
        {
            "file_path": "test/0123.png",
            "transform_matrix": [
                [
                    0.6859206557273865,
                    -0.32401347160339355,
                    0.6515582203865051,
                    7.358891487121582
                ],
                [
                    0.7276763319969177,
                    0.305420845746994,
                    -0.6141703724861145,
                    -6.925790786743164
                ],
                [
                    0.0,
                    0.8953956365585327,
                    0.44527140259742737,
                    4.958309173583984
                ],
                [
                    0.0,
                    0.0,
                    0.0,
                    1.0
                ]
            ]
        },
        {
            "file_path": "test/0128.png",
            "transform_matrix": [
                [
                    0.6859206557273865,
                    -0.32401347160339355,
                    0.6515582203865051,
                    7.358891487121582
                ],
                [
                    0.7276763319969177,
                    0.305420845746994,
                    -0.6141703724861145,
                    -6.925790786743164
                ],
                [
                    0.0,
                    0.8953956365585327,
                    0.44527140259742737,
                    4.958309173583984
                ],
                [
                    0.0,
                    0.0,
                    0.0,
                    1.0
                ]
            ]
        },
        {
            "file_path": "test/0134.png",
            "transform_matrix": [
                [
                    0.6859206557273865,
                    -0.32401347160339355,
                    0.6515582203865051,
                    7.358891487121582
                ],
                [
                    0.7276763319969177,
                    0.305420845746994,
                    -0.6141703724861145,
                    -6.925790786743164
                ],
                [
                    0.0,
                    0.8953956365585327,
                    0.44527140259742737,
                    4.958309173583984
                ],
                [
                    0.0,
                    0.0,
                    0.0,
                    1.0
                ]
            ]
        },
        {
            "file_path": "test/0135.png",
            "transform_matrix": [
                [
                    0.6859206557273865,
                    -0.32401347160339355,
                    0.6515582203865051,
                    7.358891487121582
                ],
                [
                    0.7276763319969177,
                    0.305420845746994,
                    -0.6141703724861145,
                    -6.925790786743164
                ],
                [
                    0.0,
                    0.8953956365585327,
                    0.44527140259742737,
                    4.958309173583984
                ],
                [
                    0.0,
                    0.0,
                    0.0,
                    1.0
                ]
            ]
        },
        {
            "file_path": "test/0136.png",
            "transform_matrix": [
                [
                    0.6859206557273865,
                    -0.32401347160339355,
                    0.6515582203865051,
                    7.358891487121582
                ],
                [
                    0.7276763319969177,
                    0.305420845746994,
                    -0.6141703724861145,
                    -6.925790786743164
                ],
                [
                    0.0,
                    0.8953956365585327,
                    0.44527140259742737,
                    4.958309173583984
                ],
                [
                    0.0,
                    0.0,
                    0.0,
                    1.0
                ]
            ]
        },
        {
            "file_path": "test/0151.png",
            "transform_matrix": [
                [
                    0.6859206557273865,
                    -0.32401347160339355,
                    0.6515582203865051,
                    7.358891487121582
                ],
                [
                    0.7276763319969177,
                    0.305420845746994,
                    -0.6141703724861145,
                    -6.925790786743164
                ],
                [
                    0.0,
                    0.8953956365585327,
                    0.44527140259742737,
                    4.958309173583984
                ],
                [
                    0.0,
                    0.0,
                    0.0,
                    1.0
                ]
            ]
        },
        {
            "file_path": "test/0153.png",
            "transform_matrix": [
                [
                    0.6859206557273865,
                    -0.32401347160339355,
                    0.6515582203865051,
                    7.358891487121582
                ],
                [
                    0.7276763319969177,
                    0.305420845746994,
                    -0.6141703724861145,
                    -6.925790786743164
                ],
                [
                    0.0,
                    0.8953956365585327,
                    0.44527140259742737,
                    4.958309173583984
                ],
                [
                    0.0,
                    0.0,
                    0.0,
                    1.0
                ]
            ]
        },
        {
            "file_path": "test/0156.png",
            "transform_matrix": [
                [
                    0.6859206557273865,
                    -0.32401347160339355,
                    0.6515582203865051,
                    7.358891487121582
                ],
                [
                    0.7276763319969177,
                    0.305420845746994,
                    -0.6141703724861145,
                    -6.925790786743164
                ],
                [
                    0.0,
                    0.8953956365585327,
                    0.44527140259742737,
                    4.958309173583984
                ],
                [
                    0.0,
                    0.0,
                    0.0,
                    1.0
                ]
            ]
        },
        {
            "file_path": "test/0160.png",
            "transform_matrix": [
                [
                    0.6859206557273865,
                    -0.32401347160339355,
                    0.6515582203865051,
                    7.358891487121582
                ],
                [
                    0.7276763319969177,
                    0.305420845746994,
                    -0.6141703724861145,
                    -6.925790786743164
                ],
                [
                    0.0,
                    0.8953956365585327,
                    0.44527140259742737,
                    4.958309173583984
                ],
                [
                    0.0,
                    0.0,
                    0.0,
                    1.0
                ]
            ]
        },
        {
            "file_path": "test/0161.png",
            "transform_matrix": [
                [
                    0.6859206557273865,
                    -0.32401347160339355,
                    0.6515582203865051,
                    7.358891487121582
                ],
                [
                    0.7276763319969177,
                    0.305420845746994,
                    -0.6141703724861145,
                    -6.925790786743164
                ],
                [
                    0.0,
                    0.8953956365585327,
                    0.44527140259742737,
                    4.958309173583984
                ],
                [
                    0.0,
                    0.0,
                    0.0,
                    1.0
                ]
            ]
        },
        {
            "file_path": "test/0163.png",
            "transform_matrix": [
                [
                    0.6859206557273865,
                    -0.32401347160339355,
                    0.6515582203865051,
                    7.358891487121582
                ],
                [
                    0.7276763319969177,
                    0.305420845746994,
                    -0.6141703724861145,
                    -6.925790786743164
                ],
                [
                    0.0,
                    0.8953956365585327,
                    0.44527140259742737,
                    4.958309173583984
                ],
                [
                    0.0,
                    0.0,
                    0.0,
                    1.0
                ]
            ]
        },
        {
            "file_path": "test/0182.png",
            "transform_matrix": [
                [
                    0.6859206557273865,
                    -0.32401347160339355,
                    0.6515582203865051,
                    7.358891487121582
                ],
                [
                    0.7276763319969177,
                    0.305420845746994,
                    -0.6141703724861145,
                    -6.925790786743164
                ],
                [
                    0.0,
                    0.8953956365585327,
                    0.44527140259742737,
                    4.958309173583984
                ],
                [
                    0.0,
                    0.0,
                    0.0,
                    1.0
                ]
            ]
        },
        {
            "file_path": "test/0184.png",
            "transform_matrix": [
                [
                    0.6859206557273865,
                    -0.32401347160339355,
                    0.6515582203865051,
                    7.358891487121582
                ],
                [
                    0.7276763319969177,
                    0.305420845746994,
                    -0.6141703724861145,
                    -6.925790786743164
                ],
                [
                    0.0,
                    0.8953956365585327,
                    0.44527140259742737,
                    4.958309173583984
                ],
                [
                    0.0,
                    0.0,
                    0.0,
                    1.0
                ]
            ]
        },
        {
            "file_path": "test/0185.png",
            "transform_matrix": [
                [
                    0.6859206557273865,
                    -0.32401347160339355,
                    0.6515582203865051,
                    7.358891487121582
                ],
                [
                    0.7276763319969177,
                    0.305420845746994,
                    -0.6141703724861145,
                    -6.925790786743164
                ],
                [
                    0.0,
                    0.8953956365585327,
                    0.44527140259742737,
                    4.958309173583984
                ],
                [
                    0.0,
                    0.0,
                    0.0,
                    1.0
                ]
            ]
        },
        {
            "file_path": "test/0194.png",
            "transform_matrix": [
                [
                    0.6859206557273865,
                    -0.32401347160339355,
                    0.6515582203865051,
                    7.358891487121582
                ],
                [
                    0.7276763319969177,
                    0.305420845746994,
                    -0.6141703724861145,
                    -6.925790786743164
                ],
                [
                    0.0,
                    0.8953956365585327,
                    0.44527140259742737,
                    4.958309173583984
                ],
                [
                    0.0,
                    0.0,
                    0.0,
                    1.0
                ]
            ]
        },
        {
            "file_path": "test/0195.png",
            "transform_matrix": [
                [
                    0.6859206557273865,
                    -0.32401347160339355,
                    0.6515582203865051,
                    7.358891487121582
                ],
                [
                    0.7276763319969177,
                    0.305420845746994,
                    -0.6141703724861145,
                    -6.925790786743164
                ],
                [
                    0.0,
                    0.8953956365585327,
                    0.44527140259742737,
                    4.958309173583984
                ],
                [
                    0.0,
                    0.0,
                    0.0,
                    1.0
                ]
            ]
        },
        {
            "file_path": "test/0197.png",
            "transform_matrix": [
                [
                    0.6859206557273865,
                    -0.32401347160339355,
                    0.6515582203865051,
                    7.358891487121582
                ],
                [
                    0.7276763319969177,
                    0.305420845746994,
                    -0.6141703724861145,
                    -6.925790786743164
                ],
                [
                    0.0,
                    0.8953956365585327,
                    0.44527140259742737,
                    4.958309173583984
                ],
                [
                    0.0,
                    0.0,
                    0.0,
                    1.0
                ]
            ]
        },
        {
            "file_path": "test/0198.png",
            "transform_matrix": [
                [
                    0.6859206557273865,
                    -0.32401347160339355,
                    0.6515582203865051,
                    7.358891487121582
                ],
                [
                    0.7276763319969177,
                    0.305420845746994,
                    -0.6141703724861145,
                    -6.925790786743164
                ],
                [
                    0.0,
                    0.8953956365585327,
                    0.44527140259742737,
                    4.958309173583984
                ],
                [
                    0.0,
                    0.0,
                    0.0,
                    1.0
                ]
            ]
        },
        {
            "file_path": "test/0203.png",
            "transform_matrix": [
                [
                    0.6859206557273865,
                    -0.32401347160339355,
                    0.6515582203865051,
                    7.358891487121582
                ],
                [
                    0.7276763319969177,
                    0.305420845746994,
                    -0.6141703724861145,
                    -6.925790786743164
                ],
                [
                    0.0,
                    0.8953956365585327,
