{
    "focal": 1.7361111313746398,
    "frames": [
        {
            "file_path": "images/0001.png",
            "transform_matrix": [
                [
                    -0.272744745016098,
                    0.910855233669281,
                    -0.30976298451423645,
                    -1.0841704607009888
                ],
                [
                    -0.9620864391326904,
                    -0.2582210600376129,
                    0.08781562745571136,
                    0.30735471844673157
                ],
                [
                    0.0,
                    0.32197001576423645,
                    0.9467498064041138,
                    3.313624620437622
                ],
                [
                    0.0,
                    0.0,
                    0.0,
                    1.0
                ]
            ]
        },
        {
            "file_path": "images/0003.png",
            "transform_matrix": [
                [
                    -0.996160089969635,
                    -0.06979196518659592,
                    0.05285944417119026,
                    0.18500804901123047
                ],
                [
                    0.08755020797252655,
                    -0.7941040396690369,
                    0.6014431118965149,
                    2.105050802230835
                ],
                [
                    0.0,
                    0.6037614941596985,
                    0.7971650958061218,
                    2.7900776863098145
                ],
                [
                    0.0,
                    0.0,
                    0.0,
                    1.0
                ]
            ]
        },
        {
            "file_path": "images/0004.png",
            "transform_matrix": [
                [
                    -0.6977230906486511,
                    0.036950934678316116,
                    0.7154139876365662,
                    2.503948926925659
                ],
                [
                    0.7163676023483276,
                    0.03598923236131668,
                    0.6967942714691162,
                    2.438779830932617
                ],
                [
                    0.0,
                    0.9986687898635864,
                    -0.05158097296953201,
                    -0.18053339421749115
                ],
                [
                    0.0,
                    0.0,
                    0.0,
                    1.0
                ]
            ]
        },
        {
            "file_path": "images/0006.png",
            "transform_matrix": [
                [
                    -0.8943120837211609,
                    0.2610657215118408,
                    -0.36338767409324646,
                    -1.2718569040298462
                ],
                [
                    -0.44744372367858887,
                    -0.5217956900596619,
                    0.7263080477714539,
                    2.5420782566070557
                ],
                [
                    1.4901161193847656e-08,
                    0.8121415972709656,
                    0.5834603905677795,
                    2.042111396789551
                ],
                [
                    0.0,
                    0.0,
                    0.0,
                    1.0
                ]
            ]
        },
        {
            "file_path": "images/0008.png",
            "transform_matrix": [
                [
                    -0.23034445941448212,
                    -0.6807553172111511,
                    -0.6953514814376831,
                    -2.433730125427246
                ],
                [
                    -0.9731091260910034,
                    0.16114145517349243,
                    0.16459649801254272,
                    0.5760877132415771
                ],
                [
                    7.4505797087454084e-09,
                    0.7145668268203735,
                    -0.6995672583580017,
                    -2.4484853744506836
                ],
                [
                    0.0,
                    0.0,
                    0.0,
                    1.0
                ]
            ]
        },
        {
            "file_path": "images/0009.png",
            "transform_matrix": [
                [
                    0.4337366819381714,
                    -0.812587320804596,
                    -0.3893255591392517,
                    -1.3626394271850586
                ],
                [
                    -0.9010397791862488,
                    -0.3911580443382263,
                    -0.18741102516651154,
                    -0.6559385657310486
                ],
                [
                    0.0,
                    0.43208473920822144,
                    -0.9018330574035645,
                    -3.1564154624938965
                ],
                [
                    0.0,
                    0.0,
                    0.0,
                    1.0
                ]
            ]
        },
        {
            "file_path": "images/0011.png",
            "transform_matrix": [
                [
                    0.15909823775291443,
                    0.5421724319458008,
                    0.8250678181648254,
                    2.887737274169922
                ],
                [
                    0.9872628450393677,
                    -0.08737153559923172,
                    -0.13296036422252655,
                    -0.46536123752593994
                ],
                [
                    0.0,
                    0.8357124328613281,
                    -0.549167275428772,
                    -1.9220852851867676
                ],
                [
                    0.0,
                    0.0,
                    0.0,
                    1.0
                ]
            ]
        },
        {
            "file_path": "images/0012.png",
            "transform_matrix": [
                [
                    0.9983986020088196,
                    0.022383183240890503,
                    0.05195538327097893,
                    0.1818438470363617
                ],
                [
                    0.05657180771231651,
                    -0.3950260579586029,
                    -0.916926383972168,
                    -3.209242582321167
                ],
                [
                    0.0,
                    0.9183971881866455,
                    -0.3956596553325653,
                    -1.384808897972107
                ],
                [
                    0.0,
                    0.0,
                    0.0,
                    1.0
                ]
            ]
        },
        {
            "file_path": "images/0013.png",
            "transform_matrix": [
                [
                    0.6219445466995239,
                    -0.2298494130373001,
                    -0.7485681772232056,
                    -2.619988441467285
                ],
                [
                    -0.7830612659454346,
                    -0.1825573444366455,
                    -0.5945484638214111,
                    -2.0809195041656494
                ],
                [
                    0.0,
                    0.955950915813446,
                    -0.29352670907974243,
                    -1.0273433923721313
                ],
                [
                    0.0,
                    0.0,
                    0.0,
                    1.0
                ]
            ]
        },
        {
            "file_path": "images/0014.png",
            "transform_matrix": [
                [
                    0.21665820479393005,
                    -0.9736312031745911,
                    0.07142536342144012,
                    0.24998876452445984
                ],
                [
                    0.9762475490570068,
                    0.21607756614685059,
                    -0.015851400792598724,
                    -0.055479902774095535
                ],
                [
                    0.0,
                    0.07316242903470993,
                    0.9973199963569641,
                    3.4906198978424072
                ],
                [
                    0.0,
                    0.0,
                    0.0,
                    1.0
                ]
            ]
        },
        {
            "file_path": "images/0015.png",
            "transform_matrix": [
                [
                    -0.7643792629241943,
                    -0.6399238705635071,
                    -0.07887843996286392,
                    -0.27607452869415283
                ],
                [
                    -0.6447668671607971,
                    0.7586377859115601,
                    0.09351138770580292,
                    0.3272898495197296
                ],
                [
                    -3.725290298461914e-09,
                    0.12233638763427734,
                    -0.99248868227005,
                    -3.473710298538208
                ],
                [
                    0.0,
                    0.0,
                    0.0,
                    1.0
                ]
            ]
        },
        {
            "file_path": "images/0016.png",
            "transform_matrix": [
                [
                    -0.13769017159938812,
                    -0.3453926146030426,
                    0.9283023476600647,
                    3.249058485031128
                ],
                [
                    0.9904753565788269,
                    -0.04801448807120323,
                    0.129047229886055,
                    0.45166531205177307
                ],
                [
                    3.725290742551124e-09,
                    0.9372291564941406,
                    0.3487139940261841,
                    1.220499038696289
                ],
                [
                    0.0,
                    0.0,
                    0.0,
                    1.0
                ]
            ]
        },
        {
            "file_path": "images/0017.png",
            "transform_matrix": [
                [
                    0.9081823229789734,
                    -0.22109805047512054,
                    -0.3554161787033081,
                    -1.2439565658569336
                ],
                [
                    -0.4185749590396881,
                    -0.47971653938293457,
                    -0.7711466550827026,
                    -2.6990132331848145
                ],
                [
                    1.4901161193847656e-08,
                    0.849109947681427,
                    -0.5282161235809326,
                    -1.8487564325332642
                ],
                [
                    0.0,
                    0.0,
                    0.0,
                    1.0
                ]
            ]
        },
        {
            "file_path": "images/0019.png",
            "transform_matrix": [
                [
                    -0.5587546825408936,
                    -0.3233599364757538,
                    -0.763696014881134,
                    -2.672935962677002
                ],
                [
                    -0.8293329477310181,
                    0.21786049008369446,
                    0.5145324468612671,
                    1.8008633852005005
                ],
                [
                    0.0,
                    0.920855700969696,
                    -0.3899036645889282,
                    -1.364662766456604
                ],
                [
                    0.0,
                    0.0,
                    0.0,
                    1.0
                ]
            ]
        },
        {
            "file_path": "images/0020.png",
            "transform_matrix": [
                [
                    0.8605805039405823,
                    -0.18818449974060059,
                    -0.4732736647129059,
                    -1.656457781791687
                ],
                [
                    -0.5093145966529846,
                    -0.31797224283218384,
                    -0.7996826767921448,
                    -2.79888916015625
                ],
                [
                    0.0,
                    0.9292364120483398,
                    -0.3694857656955719,
                    -1.293200135231018
                ],
                [
                    0.0,
                    0.0,
                    0.0,
                    1.0
                ]
            ]
        },
        {
            "file_path": "images/0021.png",
            "transform_matrix": [
                [
                    0.25957125425338745,
                    -0.6138507127761841,
                    0.7455267310142517,
                    2.6093435287475586
                ],
                [
                    0.965723991394043,
                    0.16499333083629608,
                    -0.20038574934005737,
                    -0.7013500928878784
                ],
                [
                    -7.450580596923828e-09,
                    0.7719873189926147,
                    0.6356378793716431,
                    2.2247323989868164
                ],
                [
                    0.0,
                    0.0,
                    0.0,
                    1.0
                ]
            ]
        },
        {
            "file_path": "images/0022.png",
            "transform_matrix": [
                [
                    -0.45474478602409363,
                    0.8445883393287659,
                    -0.282626748085022,
                    -0.9891936182975769
                ],
                [
                    -0.8906218409538269,
                    -0.43124040961265564,
                    0.14430707693099976,
                    0.5050747394561768
                ],
                [
                    0.0,
                    0.31733623147010803,
                    0.9483130574226379,
                    3.3190956115722656
                ],
                [
                    0.0,
                    0.0,
                    0.0,
                    1.0
                ]
            ]
        },
        {
            "file_path": "images/0026.png",
            "transform_matrix": [
                [
                    -0.8034310340881348,
                    0.17910858988761902,
                    0.5678192377090454,
                    1.9873675107955933
                ],
                [
                    0.5953978300094604,
                    0.24168948829174042,
                    0.7662163972854614,
                    2.6817574501037598
                ],
                [
                    0.0,
                    0.9536804556846619,
                    -0.3008217215538025,
                    -1.0528761148452759
                ],
                [
                    0.0,
                    0.0,
                    0.0,
                    1.0
                ]
            ]
        },
        {
            "file_path": "images/0029.png",
            "transform_matrix": [
                [
                    0.24309639632701874,
                    -0.23648306727409363,
                    -0.9407337307929993,
                    -3.2925679683685303
                ],
                [
                    -0.9700021743774414,
                    -0.05926603451371193,
                    -0.23576129972934723,
                    -0.8251644968986511
                ],
                [
                    -3.725290742551124e-09,
                    0.969826340675354,
                    -0.2437964826822281,
                    -0.8532876372337341
                ],
                [
                    0.0,
                    0.0,
                    0.0,
                    1.0
                ]
            ]
        },
        {
            "file_path": "images/0034.png",
            "transform_matrix": [
                [
                    -0.301206111907959,
                    -0.0032410379499197006,
                    0.9535535573959351,
                    3.337437391281128
                ],
                [
                    0.9535591006278992,
                    -0.00102376495487988,
                    0.3012043535709381,
                    1.0542151927947998
                ],
                [
                    -5.820766091346741e-11,
                    0.9999942779541016,
                    0.003398885251954198,
                    0.011896098032593727
                ],
                [
                    0.0,
                    0.0,
                    0.0,
                    1.0
                ]
            ]
        },
        {
            "file_path": "images/0035.png",
            "transform_matrix": [
                [
                    0.8802108764648438,
                    -0.471945583820343,
                    0.049961525946855545,
                    0.17486535012722015
                ],
                [
                    0.4745827615261078,
                    0.8753196597099304,
                    -0.09266387671232224,
                    -0.3243235945701599
                ],
                [
                    3.725290298461914e-09,
                    0.10527481883764267,
                    0.9944431781768799,
                    3.480551242828369
                ],
                [
                    0.0,
                    0.0,
                    0.0,
                    1.0
                ]
            ]
        },
        {
            "file_path": "images/0036.png",
            "transform_matrix": [
                [
                    0.9101178646087646,
                    0.3475935757160187,
                    -0.22553104162216187,
                    -0.7893586158752441
                ],
                [
                    -0.4143495559692383,
                    0.7634884715080261,
                    -0.49537843465805054,
                    -1.7338244915008545
                ],
                [
                    -1.4901161193847656e-08,
                    0.5443015098571777,
                    0.8388897776603699,
                    2.9361140727996826
                ],
                [
                    0.0,
                    0.0,
                    0.0,
                    1.0
                ]
            ]
        },
        {
            "file_path": "images/0038.png",
            "transform_matrix": [
                [
                    -0.9683502912521362,
                    0.187636137008667,
                    0.16459159553050995,
                    0.5760705471038818
                ],
                [
                    0.24959510564804077,
                    0.7279689908027649,
                    0.6385635137557983,
                    2.2349722385406494
                ],
                [
                    1.4901161193847656e-08,
                    0.65943443775177,
                    -0.7517621517181396,
                    -2.631167411804199
                ],
                [
                    0.0,
                    0.0,
                    0.0,
                    1.0
                ]
            ]
        },
        {
            "file_path": "images/0039.png",
            "transform_matrix": [
                [
                    0.2571595311164856,
                    -0.6955277323722839,
                    0.6709025502204895,
                    2.348158836364746
                ],
                [
                    0.9663690328598022,
                    0.1850862205028534,
                    -0.17853324115276337,
                    -0.6248663067817688
                ],
                [
                    0.0,
                    0.6942508816719055,
                    0.7197330594062805,
                    2.5190656185150146
                ],
                [
                    0.0,
                    0.0,
                    0.0,
                    1.0
                ]
            ]
        },
        {
            "file_path": "images/0040.png",
            "transform_matrix": [
                [
                    -0.6798581480979919,
                    0.08862371742725372,
                    -0.7279689908027649,
                    -2.54789137840271
                ],
                [
                    -0.7333437204360962,
                    -0.08216004818677902,
                    0.6748753786087036,
                    2.3620636463165283
                ],
                [
                    -3.725290298461914e-09,
                    0.9926709532737732,
                    0.12084881961345673,
                    0.42297086119651794
                ],
                [
                    0.0,
                    0.0,
                    0.0,
                    1.0
                ]
            ]
        },
        {
            "file_path": "images/0041.png",
            "transform_matrix": [
                [
                    0.7682125568389893,
                    0.6323062181472778,
                    -0.10019127279520035,
                    -0.3506694436073303
                ],
                [
                    -0.6401948928833008,
                    0.7587463855743408,
                    -0.120226189494133,
                    -0.4207916557788849
                ],
                [
                    0.0,
                    0.15650154650211334,
                    0.987677812576294,
                    3.4568722248077393
                ],
                [
                    0.0,
                    0.0,
                    0.0,
                    1.0
                ]
            ]
        },
        {
            "file_path": "images/0045.png",
            "transform_matrix": [
                [
                    0.6457708477973938,
                    0.6176939606666565,
                    0.44881415367126465,
                    1.5708496570587158
                ],
                [
                    0.7635313868522644,
                    -0.522426187992096,
                    -0.3795929551124573,
                    -1.3285753726959229
                ],
                [
                    0.0,
                    0.5878137946128845,
                    -0.8089962601661682,
                    -2.8314871788024902
                ],
                [
                    0.0,
                    0.0,
                    0.0,
                    1.0
                ]
            ]
        },
        {
            "file_path": "images/0049.png",
            "transform_matrix": [
                [
                    -0.015477580018341541,
                    -0.10143551975488663,
                    -0.9947217106819153,
                    -3.4815258979797363
                ],
                [
                    -0.999880313873291,
                    0.0015701643424108624,
                    0.015397727489471436,
                    0.053892042487859726
                ],
                [
                    0.0,
                    0.9948408603668213,
                    -0.1014476791024208,
                    -0.35506686568260193
                ],
                [
                    0.0,
                    0.0,
                    0.0,
                    1.0
                ]
            ]
        },
        {
            "file_path": "images/0050.png",
            "transform_matrix": [
                [
                    0.9991706609725952,
                    -0.04071391373872757,
                    -0.0005651246756315231,
                    -0.001977936364710331
                ],
                [
                    -0.04071783646941185,
                    -0.9990745186805725,
                    -0.013867535628378391,
                    -0.04853637143969536
                ],
                [
                    -5.8207653974573503e-11,
                    0.013880077749490738,
                    -0.9999037384986877,
                    -3.4996628761291504
                ],
                [
                    0.0,
                    0.0,
                    0.0,
                    1.0
                ]
            ]
        },
        {
            "file_path": "images/0051.png",
            "transform_matrix": [
                [
                    0.1355815976858139,
                    -0.9331952333450317,
                    0.33281269669532776,
                    1.1648443937301636
                ],
                [
                    0.9907662868499756,
                    0.12770327925682068,
                    -0.04554381221532822,
                    -0.15940333902835846
                ],
                [
                    -7.450581485102248e-09,
                    0.33591440320014954,
                    0.9418925046920776,
                    3.296623706817627
                ],
                [
                    0.0,
                    0.0,
                    0.0,
                    1.0
                ]
            ]
        },
        {
            "file_path": "images/0053.png",
            "transform_matrix": [
                [
                    0.5163619518280029,
                    -0.5562581419944763,
                    0.6511123776435852,
                    2.278893232345581
                ],
                [
                    0.8563704490661621,
                    0.33540451526641846,
                    -0.39259836077690125,
                    -1.3740942478179932
                ],
                [
                    1.4901161193847656e-08,
                    0.7603161931037903,
                    0.6495530605316162,
                    2.273435592651367
                ],
                [
                    0.0,
                    0.0,
                    0.0,
                    1.0
                ]
            ]
        },
        {
            "file_path": "images/0054.png",
            "transform_matrix": [
                [
                    0.5376285910606384,
                    0.8029444217681885,
                    -0.2573632001876831,
                    -0.9007712006568909
                ],
                [
                    -0.8431819081306458,
                    0.5119724273681641,
                    -0.16409960389137268,
                    -0.5743485689163208
                ],
                [
                    0.0,
                    0.30522841215133667,
                    0.9522791504859924,
                    3.332976818084717
                ],
                [
                    0.0,
                    0.0,
                    0.0,
                    1.0
                ]
            ]
        },
        {
            "file_path": "images/0058.png",
            "transform_matrix": [
                [
                    0.9868748784065247,
                    0.14723847806453705,
                    -0.06632452458143234,
                    -0.2321358621120453
                ],
                [
                    -0.16148720681667328,
                    0.899798572063446,
                    -0.40532010793685913,
                    -1.4186204671859741
                ],
                [
                    -3.725290742551124e-09,
                    0.41071081161499023,
                    0.9117656350135803,
                    3.1911799907684326
                ],
                [
                    0.0,
                    0.0,
                    0.0,
                    1.0
                ]
            ]
        },
        {
            "file_path": "images/0061.png",
            "transform_matrix": [
                [
                    0.43716347217559814,
                    -0.41821396350860596,
                    0.7962319254875183,
                    2.786811590194702
                ],
                [
                    0.8993821144104004,
                    0.20328164100646973,
                    -0.3870251476764679,
                    -1.3545879125595093
                ],
                [
                    -1.4901161193847656e-08,
                    0.8853099346160889,
                    0.46500149369239807,
                    1.6275051832199097
                ],
                [
                    0.0,
                    0.0,
                    0.0,
                    1.0
                ]
            ]
        },
        {
            "file_path": "images/0062.png",
            "transform_matrix": [
                [
                    -0.33791473507881165,
                    -0.2573993504047394,
                    -0.9052951335906982,
                    -3.1685328483581543
                ],
                [
                    -0.9411767721176147,
                    0.09241519868373871,
                    0.32503199577331543,
                    1.137611985206604
                ],
                [
                    7.450580596923828e-09,
                    0.9618757963180542,
                    -0.2734867334365845,
                    -0.9572035670280457
                ],
                [
                    0.0,
                    0.0,
                    0.0,
                    1.0
                ]
            ]
        },
        {
            "file_path": "images/0064.png",
            "transform_matrix": [
                [
                    -0.510425329208374,
                    -0.20179635286331177,
                    -0.8359092473983765,
                    -2.925682306289673
                ],
                [
                    -0.8599221706390381,
                    0.11978057026863098,
                    0.4961719512939453,
                    1.736601710319519
                ],
                [
                    -7.450580596923828e-09,
                    0.9720755815505981,
                    -0.23466816544532776,
                    -0.8213385343551636
                ],
                [
                    0.0,
                    0.0,
                    0.0,
                    1.0
                ]
            ]
        },
        {
            "file_path": "images/0065.png",
            "transform_matrix": [
                [
                    -0.4303726553916931,
                    0.8274809718132019,
                    0.36063066124916077,
                    1.262207269668579
                ],
                [
                    0.9026513695716858,
                    0.39453235268592834,
                    0.17194409668445587,
                    0.6018043160438538
                ],
                [
                    1.4901162970204496e-08,
                    0.3995237946510315,
                    -0.9167228937149048,
                    -3.2085299491882324
                ],
                [
                    0.0,
                    0.0,
                    0.0,
                    1.0
                ]
            ]
        },
        {
            "file_path": "images/0067.png",
            "transform_matrix": [
                [
                    -0.9986303448677063,
                    -0.048744168132543564,
                    0.01901494897902012,
                    0.06655231863260269
                ],
                [
                    0.052321720868349075,
                    -0.9303479194641113,
                    0.36292585730552673,
                    1.2702404260635376
                ],
                [
                    0.0,
                    0.3634236454963684,
                    0.9316240549087524,
                    3.260684013366699
                ],
                [
                    0.0,
                    0.0,
                    0.0,
                    1.0
                ]
            ]
        },
        {
            "file_path": "images/0068.png",
            "transform_matrix": [
                [
                    0.9158501625061035,
                    0.3308977484703064,
                    -0.22743190824985504,
                    -0.7960116267204285
                ],
                [
                    -0.40152037143707275,
                    0.7547630667686462,
                    -0.5187620520591736,
                    -1.8156671524047852
                ],
                [
                    1.4901161193847656e-08,
                    0.5664268136024475,
                    0.8241121172904968,
                    2.884392261505127
                ],
                [
                    0.0,
                    0.0,
                    0.0,
                    1.0
                ]
            ]
        },
        {
            "file_path": "images/0069.png",
            "transform_matrix": [
                [
                    0.5370504856109619,
                    0.2306516468524933,
                    0.8114041090011597,
                    2.839914321899414
                ],
                [
                    0.8435501456260681,
                    -0.14684556424617767,
                    -0.516584575176239,
                    -1.8080458641052246
                ],
                [
                    7.450580596923828e-09,
                    0.9618920087814331,
                    -0.2734296917915344,
                    -0.9570038318634033
                ],
                [
                    0.0,
                    0.0,
                    0.0,
                    1.0
                ]
            ]
        },
        {
            "file_path": "images/0070.png",
            "transform_matrix": [
                [
                    0.8945353031158447,
                    0.3257904648780823,
                    0.3060511648654938,
                    1.0711790323257446
                ],
                [
                    0.4469974637031555,
                    -0.6519747972488403,
                    -0.6124722957611084,
                    -2.14365291595459
                ],
                [
                    1.4901161193847656e-08,
                    0.6846821308135986,
                    -0.7288418412208557,
                    -2.5509462356567383
                ],
                [
                    0.0,
                    0.0,
                    0.0,
                    1.0
                ]
            ]
        },
        {
            "file_path": "images/0072.png",
            "transform_matrix": [
                [
                    0.9825038909912109,
                    0.18622547388076782,
                    0.002504660515114665,
                    0.008766312152147293
                ],
                [
                    0.18624229729175568,
                    -0.9824150800704956,
                    -0.013213102705776691,
                    -0.04624586179852486
                ],
                [
                    -2.3283064365386963e-10,
                    0.013446991331875324,
                    -0.999909520149231,
                    -3.4996836185455322
                ],
                [
                    0.0,
                    0.0,
                    0.0,
                    1.0
                ]
            ]
        },
        {
            "file_path": "images/0073.png",
            "transform_matrix": [
                [
                    -0.7715997099876404,
                    -0.6331790685653687,
                    -0.06097644194960594,
                    -0.21341755986213684
                ],
                [
                    -0.6361083984375,
                    0.7680464386940002,
                    0.0739644467830658,
                    0.2588755786418915
                ],
                [
                    0.0,
                    0.09585883468389511,
                    -0.9953949451446533,
                    -3.483882427215576
                ],
                [
                    0.0,
                    0.0,
                    0.0,
                    1.0
                ]
            ]
        },
        {
            "file_path": "images/0075.png",
            "transform_matrix": [
                [
                    0.7265699505805969,
                    -0.653710663318634,
                    0.21156175434589386,
                    0.7404661178588867
                ],
                [
                    0.6870924830436707,
                    0.6912702322006226,
                    -0.22371722757816315,
                    -0.7830102443695068
                ],
                [
                    0.0,
                    0.3079088032245636,
                    0.9514158964157104,
                    3.329955577850342
                ],
                [
                    0.0,
                    0.0,
                    0.0,
                    1.0
                ]
            ]
        },
        {
            "file_path": "images/0078.png",
            "transform_matrix": [
                [
                    -0.7914478182792664,
                    0.35775575041770935,
                    0.4956018328666687,
                    1.7346065044403076
                ],
                [
                    0.6112367510795593,
                    0.46323293447494507,
                    0.6417202353477478,
                    2.246021032333374
                ],
                [
                    1.4901161193847656e-08,
                    0.8108181953430176,
                    -0.5852981209754944,
                    -2.0485434532165527
                ],
                [
                    0.0,
                    0.0,
                    0.0,
                    1.0
                ]
            ]
        },
        {
            "file_path": "images/0079.png",
            "transform_matrix": [
                [
                    0.990896999835968,
                    0.1299828290939331,
                    0.03503889963030815,
                    0.12263614684343338
                ],
                [
                    0.13462267816066742,
                    -0.9567452073097229,
                    -0.25790560245513916,
                    -0.9026696085929871
                ],
                [
                    0.0,
                    0.2602747976779938,
                    -0.9655345678329468,
                    -3.379370927810669
                ],
                [
                    0.0,
                    0.0,
                    0.0,
                    1.0
                ]
            ]
        },
        {
            "file_path": "images/0080.png",
            "transform_matrix": [
                [
                    0.03731605410575867,
                    -0.9565644860267639,
                    -0.28912273049354553,
                    -1.0119295120239258
                ],
                [
                    -0.9993035197257996,
                    -0.0357200913131237,
                    -0.0107964389026165,
                    -0.037787534296512604
                ],
                [
                    0.0,
                    0.2893242835998535,
                    -0.9572312235832214,
                    -3.350309133529663
                ],
                [
                    0.0,
                    0.0,
                    0.0,
                    1.0
                ]
            ]
        },
        {
            "file_path": "images/0082.png",
            "transform_matrix": [
                [
                    0.024149145931005478,
                    -0.6214458346366882,
                    0.7830849289894104,
                    2.7407970428466797
                ],
                [
                    0.999708354473114,
                    0.01501176506280899,
                    -0.018916349858045578,
                    -0.06620722264051437
                ],
                [
                    0.0,
